#Module  	 Chip 	 Chn 	 Mem 	 Ped 	 Ped_err
1	0	2	1	877	12
1	0	3	1	868	60
1	0	5	1	871	2
1	0	7	1	879	57
1	0	8	1	872	107
1	0	9	1	875	101
1	0	10	1	867	11
1	0	11	1	882	3
1	0	12	1	877	39
1	0	14	1	878	9
1	0	15	1	863	73
1	0	16	1	864	13
1	0	18	1	861	8
1	0	19	1	876	70
1	0	20	1	872	1
1	0	21	1	873	72
1	0	22	1	868	9
1	0	23	1	879	31
1	0	24	1	870	5
1	0	25	1	878	42
1	0	28	1	868	17
1	1	7	1	790	5
1	1	9	1	785	6
1	1	10	1	766	3
1	1	13	1	778	5
1	1	14	1	770	1
1	1	16	1	784	4
1	1	17	1	775	19
1	1	21	1	778	4
1	1	29	1	788	5
1	2	9	1	831	12
1	2	10	1	835	10
1	2	11	1	828	17
1	2	12	1	833	17
1	2	14	1	830	4
1	2	15	1	827	11
1	2	18	1	841	49
1	2	19	1	833	14
1	2	21	1	820	11
1	2	22	1	824	11
1	2	23	1	814	5
1	2	24	1	833	5
1	2	25	1	836	15
1	2	26	1	831	68
1	2	27	1	823	17
1	2	29	1	820	18
1	2	30	1	825	23
1	2	31	1	837	8
1	2	33	1	833	78
1	2	34	1	823	11
1	3	1	1	952	93
1	3	2	1	943	89
1	3	4	1	943	8
1	3	5	1	937	17
1	3	6	1	931	14
1	3	8	1	957	10
1	3	9	1	949	3
1	3	10	1	961	4
1	3	11	1	949	85
1	3	12	1	942	20
1	3	13	1	946	10
1	3	14	1	949	22
1	3	15	1	946	81
1	3	16	1	949	62
1	3	17	1	948	74
1	3	20	1	950	8
1	3	21	1	956	42
1	3	23	1	950	110
1	3	24	1	938	77
1	3	25	1	945	7
1	3	26	1	952	4
1	3	28	1	954	8
2	0	7	1	904	11
2	0	9	1	905	13
2	0	10	1	903	5
2	0	11	1	913	15
2	0	12	1	914	20
2	0	13	1	901	12
2	0	14	1	909	5
2	0	15	1	903	8
2	0	16	1	901	15
2	0	17	1	912	3
2	0	18	1	903	14
2	0	19	1	898	8
2	0	20	1	904	8
2	0	21	1	901	6
2	0	22	1	897	16
2	0	23	1	903	17
2	0	24	1	897	8
2	0	25	1	893	5
2	0	26	1	887	9
2	0	27	1	899	4
2	0	28	1	905	8
2	0	29	1	904	25
2	0	30	1	905	3
2	0	31	1	894	23
2	0	32	1	900	3
2	0	33	1	909	21
2	0	34	1	903	10
2	0	35	1	882	35
2	1	0	1	886	6
2	1	2	1	898	9
2	1	3	1	888	5
2	1	4	1	899	8
2	1	6	1	888	7
2	1	7	1	896	3
2	1	8	1	898	14
2	1	9	1	898	1
2	1	10	1	884	1
2	1	11	1	897	8
2	1	12	1	888	4
2	1	13	1	899	2
2	1	14	1	900	1
2	1	15	1	897	12
2	1	16	1	901	10
2	1	19	1	887	11
2	1	20	1	895	6
2	1	21	1	895	10
2	1	22	1	893	7
2	1	23	1	897	7
2	1	24	1	887	4
2	1	25	1	890	93
2	1	26	1	891	4
2	1	28	1	901	9
2	2	0	1	884	17
2	2	1	1	887	12
2	2	2	1	879	6
2	2	3	1	884	3
2	2	4	1	878	16
2	2	5	1	896	7
2	2	6	1	896	16
2	2	7	1	888	20
2	2	8	1	900	8
2	2	9	1	896	15
2	2	10	1	890	7
2	2	11	1	884	17
2	2	12	1	896	4
2	2	13	1	878	7
2	2	14	1	886	86
2	2	16	1	898	831
2	2	19	1	886	92
2	2	20	1	894	102
2	2	21	1	901	20
2	2	24	1	891	4
2	2	25	1	892	8
2	2	26	1	900	9
2	2	28	1	892	71
2	3	7	1	829	3
2	3	9	1	827	5
2	3	10	1	831	2
2	3	11	1	830	1
2	3	12	1	835	6
2	3	13	1	824	1
2	3	14	1	836	6
2	3	15	1	818	7
2	3	18	1	835	1
2	3	19	1	820	12
2	3	20	1	825	6
2	3	21	1	827	10
2	3	22	1	827	9
2	3	23	1	832	6
2	3	24	1	829	5
2	3	26	1	835	6
2	3	27	1	834	9
2	3	28	1	823	4
2	3	29	1	822	12
2	3	30	1	841	9
2	3	31	1	813	4
2	3	32	1	831	3
2	3	33	1	822	6
2	3	34	1	825	12
2	3	35	1	814	9
3	0	0	1	810	2
3	0	1	1	807	4
3	0	2	1	804	9
3	0	3	1	811	7
3	0	4	1	809	6
3	0	5	1	809	1
3	0	6	1	809	3
3	0	7	1	811	7
3	0	8	1	811	1
3	0	9	1	798	2
3	0	10	1	809	2
3	0	11	1	811	1
3	0	12	1	816	7
3	0	13	1	810	1
3	0	14	1	817	7
3	0	15	1	810	1
3	0	16	1	814	6
3	0	17	1	814	1
3	0	18	1	805	6
3	0	19	1	809	3
3	0	20	1	808	10
3	0	21	1	806	6
3	0	22	1	800	4
3	0	23	1	787	10
3	0	24	1	802	2
3	0	25	1	816	6
3	0	26	1	795	3
3	0	27	1	803	10
3	0	28	1	808	11
3	0	29	1	818	5
3	0	30	1	790	4
3	0	31	1	803	1
3	0	32	1	809	6
3	0	33	1	802	3
3	0	34	1	803	11
3	0	35	1	790	9
3	1	0	1	874	2
3	1	1	1	863	6
3	1	2	1	861	2
3	1	3	1	870	5
3	1	4	1	863	3
3	1	5	1	860	3
3	1	6	1	865	4
3	1	7	1	845	3
3	1	8	1	873	8
3	1	9	1	861	8
3	1	10	1	869	5
3	1	11	1	860	2
3	1	12	1	871	9
3	1	13	1	876	6
3	1	14	1	865	4
3	1	15	1	879	4
3	1	16	1	864	4
3	1	17	1	875	2
3	1	18	1	873	13
3	1	19	1	868	2
3	1	20	1	857	9
3	1	21	1	861	5
3	1	22	1	863	9
3	1	23	1	860	7
3	1	24	1	864	9
3	1	25	1	860	9
3	1	26	1	866	7
3	1	27	1	857	3
3	1	28	1	864	5
3	1	29	1	867	5
3	1	30	1	861	5
3	1	31	1	862	1
3	1	32	1	848	46
3	1	33	1	857	7
3	1	34	1	858	1
3	1	35	1	870	1
3	2	0	1	691	21
3	2	1	1	698	11
3	2	2	1	695	2
3	2	3	1	697	7
3	2	4	1	695	3
3	2	5	1	697	1
3	2	6	1	693	5
3	2	7	1	688	3
3	2	8	1	687	4
3	2	9	1	696	1
3	2	10	1	704	1
3	2	11	1	691	2
3	2	12	1	694	4
3	2	13	1	700	1
3	2	14	1	689	2
3	2	15	1	701	5
3	2	16	1	701	1
3	2	17	1	700	2
3	2	18	1	691	1
3	2	19	1	690	5
3	2	20	1	699	6
3	2	21	1	688	3
3	2	22	1	702	5
3	2	23	1	694	1
3	2	24	1	689	2
3	2	25	1	694	9
3	2	26	1	696	4
3	2	27	1	692	2
3	2	28	1	700	6
3	2	29	1	691	2
3	2	30	1	699	7
3	2	31	1	682	1
3	2	32	1	690	3
3	2	33	1	687	2
3	2	34	1	700	4
3	2	35	1	704	3
3	3	1	1	806	5
3	3	2	1	817	2
3	3	3	1	818	10
3	3	4	1	816	17
3	3	5	1	813	6
3	3	6	1	821	3
3	3	7	1	804	1
3	3	8	1	815	1
3	3	9	1	806	3
3	3	10	1	812	12
3	3	11	1	804	8
3	3	12	1	806	2
3	3	13	1	814	4
3	3	15	1	804	2
3	3	16	1	813	8
3	3	17	1	810	26
3	3	18	1	813	4
3	3	19	1	822	10
3	3	20	1	831	2
3	3	21	1	818	3
3	3	22	1	819	7
3	3	23	1	822	5
3	3	24	1	812	4
3	3	25	1	814	2
3	3	26	1	817	10
3	3	27	1	805	7
3	3	28	1	803	5
3	3	29	1	812	7
3	3	30	1	810	3
3	3	31	1	817	8
3	3	32	1	817	8
3	3	33	1	814	3
3	3	34	1	817	11
3	3	35	1	812	15
4	0	0	1	888	3
4	0	1	1	885	6
4	0	2	1	878	6
4	0	3	1	888	8
4	0	4	1	882	3
4	0	5	1	881	7
4	0	6	1	883	5
4	0	7	1	892	3
4	0	8	1	884	4
4	0	9	1	891	4
4	0	10	1	887	1
4	0	11	1	875	1
4	0	12	1	890	1
4	0	13	1	882	6
4	0	14	1	883	5
4	0	15	1	894	4
4	0	16	1	888	3
4	0	17	1	881	5
4	0	18	1	882	2
4	0	19	1	881	4
4	0	20	1	887	2
4	0	21	1	869	2
4	0	22	1	884	2
4	0	23	1	887	2
4	0	24	1	873	3
4	0	25	1	874	6
4	0	26	1	887	3
4	0	27	1	886	8
4	0	28	1	873	35
4	0	29	1	872	3
4	0	30	1	895	1
4	0	31	1	880	1
4	0	32	1	877	5
4	0	33	1	890	3
4	0	34	1	871	7
4	0	35	1	874	45
4	1	0	1	797	10
4	1	1	1	800	8
4	1	2	1	804	5
4	1	3	1	808	2
4	1	4	1	820	3
4	1	5	1	821	2
4	1	6	1	807	6
4	1	7	1	803	8
4	1	9	1	819	2
4	1	10	1	810	1
4	1	11	1	822	3
4	1	12	1	818	2
4	1	13	1	814	8
4	1	14	1	815	8
4	1	15	1	811	5
4	1	16	1	811	2
4	1	17	1	816	4
4	1	18	1	812	4
4	1	19	1	807	3
4	1	20	1	811	5
4	1	21	1	809	3
4	1	22	1	829	4
4	1	23	1	810	6
4	1	24	1	814	10
4	1	25	1	810	5
4	1	26	1	811	5
4	1	27	1	801	4
4	1	28	1	804	3
4	1	29	1	811	1
4	1	30	1	783	18
4	1	31	1	809	4
4	1	32	1	814	7
4	1	33	1	791	5
4	1	34	1	799	3
4	1	35	1	811	4
4	2	0	1	838	3
4	2	1	1	815	1
4	2	2	1	848	2
4	2	3	1	839	1
4	2	4	1	837	1
4	2	5	1	833	1
4	2	6	1	840	6
4	2	7	1	833	2
4	2	8	1	846	3
4	2	9	1	836	1
4	2	10	1	836	5
4	2	11	1	834	1
4	2	12	1	848	1
4	2	13	1	835	8
4	2	14	1	846	4
4	2	15	1	837	5
4	2	16	1	830	4
4	2	17	1	846	1
4	2	18	1	839	1
4	2	19	1	841	5
4	2	20	1	837	4
4	2	21	1	840	9
4	2	22	1	847	1
4	2	23	1	832	3
4	2	25	1	843	3
4	2	26	1	837	6
4	2	27	1	834	3
4	2	28	1	848	2
4	2	29	1	837	2
4	2	30	1	835	1
4	2	31	1	834	4
4	2	32	1	836	1
4	2	33	1	834	1
4	2	35	1	833	2
4	3	1	1	841	3
4	3	2	1	833	1
4	3	3	1	837	4
4	3	4	1	837	3
4	3	5	1	832	21
4	3	6	1	838	3
4	3	7	1	831	4
4	3	8	1	852	8
4	3	9	1	833	1
4	3	10	1	829	1
4	3	11	1	830	9
4	3	13	1	831	1
4	3	14	1	831	3
4	3	15	1	828	2
4	3	16	1	826	1
4	3	17	1	845	4
4	3	18	1	827	1
4	3	20	1	843	5
4	3	21	1	840	2
4	3	22	1	833	1
4	3	23	1	832	3
4	3	25	1	838	2
4	3	27	1	837	2
4	3	28	1	825	3
4	3	29	1	828	6
4	3	30	1	834	4
4	3	31	1	837	3
4	3	32	1	836	3
4	3	33	1	843	5
4	3	34	1	833	2
4	3	35	1	837	1
5	0	0	1	813	3
5	0	1	1	826	4
5	0	2	1	821	5
5	0	3	1	815	5
5	0	4	1	822	7
5	0	5	1	805	5
5	0	6	1	818	6
5	0	7	1	821	11
5	0	8	1	831	5
5	0	10	1	824	14
5	0	11	1	831	14
5	0	12	1	823	10
5	0	13	1	815	3
5	0	14	1	820	1
5	0	15	1	813	6
5	0	16	1	831	2
5	0	17	1	821	3
5	0	18	1	815	2
5	0	20	1	818	6
5	0	21	1	823	3
5	0	22	1	820	15
5	0	24	1	819	2
5	0	25	1	826	3
5	0	27	1	821	4
5	0	28	1	818	1
5	0	29	1	811	8
5	0	30	1	816	2
5	0	33	1	820	8
5	0	34	1	821	11
5	0	35	1	802	2
5	1	0	1	899	10
5	1	2	1	895	15
5	1	3	1	899	6
5	1	4	1	893	7
5	1	5	1	903	2
5	1	6	1	915	7
5	1	7	1	896	12
5	1	9	1	906	4
5	1	10	1	900	1
5	1	11	1	898	3
5	1	12	1	904	1
5	1	13	1	890	4
5	1	14	1	880	10
5	1	15	1	907	1
5	1	16	1	906	5
5	1	18	1	901	7
5	1	19	1	896	2
5	1	20	1	903	9
5	1	21	1	885	11
5	1	22	1	903	1
5	1	23	1	901	1
5	1	24	1	872	30
5	1	25	1	897	3
5	1	26	1	900	6
5	1	27	1	883	9
5	1	28	1	900	11
5	1	29	1	875	12
5	1	30	1	901	2
5	1	31	1	893	1
5	1	32	1	889	5
5	1	33	1	900	2
5	1	34	1	896	6
5	1	35	1	891	13
5	2	0	1	834	23
5	2	1	1	838	16
5	2	2	1	840	4
5	2	3	1	834	14
5	2	4	1	840	2
5	2	5	1	840	7
5	2	6	1	849	11
5	2	7	1	858	9
5	2	8	1	848	7
5	2	10	1	853	1
5	2	11	1	844	4
5	2	12	1	856	11
5	2	13	1	851	14
5	2	14	1	846	13
5	2	15	1	851	10
5	2	16	1	839	1
5	2	17	1	844	4
5	2	18	1	852	10
5	2	19	1	839	5
5	2	20	1	853	13
5	2	21	1	840	3
5	2	22	1	855	8
5	2	23	1	842	3
5	2	24	1	846	7
5	2	25	1	846	19
5	2	26	1	837	2
5	2	27	1	847	2
5	2	28	1	852	8
5	2	30	1	839	1
5	2	31	1	845	8
5	2	32	1	852	1
5	2	33	1	839	7
5	2	34	1	844	2
5	2	35	1	833	9
5	3	1	1	895	1
5	3	2	1	893	4
5	3	3	1	894	8
5	3	4	1	898	3
5	3	5	1	891	8
5	3	7	1	901	7
5	3	8	1	891	7
5	3	9	1	903	1
5	3	10	1	899	6
5	3	11	1	897	6
5	3	12	1	896	2
5	3	13	1	899	1
5	3	14	1	905	1
5	3	16	1	900	7
5	3	17	1	903	1
5	3	18	1	888	4
5	3	19	1	907	2
5	3	20	1	916	1
5	3	21	1	901	4
5	3	22	1	902	13
5	3	23	1	894	6
5	3	24	1	892	2
5	3	25	1	893	1
5	3	26	1	904	8
5	3	27	1	896	6
5	3	28	1	892	8
5	3	29	1	894	3
5	3	30	1	904	5
5	3	31	1	886	1
5	3	32	1	897	3
5	3	34	1	885	8
5	3	35	1	885	5
6	0	7	1	139	1
6	1	0	1	865	2
6	1	2	1	880	2
6	1	3	1	866	3
6	1	4	1	875	3
6	1	7	1	873	5
6	1	8	1	868	3
6	1	9	1	876	1
6	1	17	1	885	1
6	1	19	1	878	4
6	1	20	1	882	3
6	1	21	1	880	4
6	1	29	1	884	2
6	1	30	1	875	3
6	2	7	1	911	3
6	2	10	1	918	3
6	2	11	1	915	1
6	2	13	1	921	1
6	2	15	1	913	2
6	2	16	1	909	3
6	2	17	1	916	1
6	2	19	1	909	4
6	2	20	1	913	1
6	2	25	1	909	1
6	2	26	1	922	1
6	2	30	1	910	1
6	2	35	1	904	2
6	3	7	1	896	1
6	3	9	1	908	3
6	3	13	1	905	3
6	3	14	1	902	4
6	3	19	1	909	3
6	3	20	1	903	1
6	3	21	1	910	1
6	3	26	1	905	1
6	3	28	1	910	1
6	3	29	1	911	5
6	3	30	1	894	1
6	3	31	1	902	5
6	3	32	1	898	4
6	3	33	1	900	4
7	0	0	1	862	1
7	0	1	1	857	2
7	0	2	1	861	2
7	0	4	1	854	1
7	0	5	1	858	4
7	0	6	1	863	4
7	0	7	1	855	3
7	0	8	1	882	4
7	0	9	1	870	6
7	0	10	1	871	5
7	0	11	1	871	3
7	0	13	1	864	4
7	0	14	1	863	3
7	0	15	1	855	5
7	0	16	1	857	4
7	0	18	1	869	3
7	0	19	1	880	5
7	0	20	1	859	6
7	0	21	1	861	9
7	0	22	1	860	6
7	0	23	1	852	4
7	0	24	1	864	2
7	0	25	1	867	6
7	0	26	1	854	9
7	0	27	1	863	6
7	0	28	1	860	2
7	0	30	1	868	3
7	0	31	1	842	4
7	0	32	1	854	7
7	0	33	1	851	4
7	0	34	1	859	2
7	1	0	1	904	3
7	1	3	1	921	5
7	1	4	1	904	2
7	1	6	1	915	4
7	1	7	1	914	2
7	1	8	1	902	3
7	1	9	1	907	7
7	1	10	1	917	5
7	1	11	1	906	4
7	1	12	1	910	6
7	1	13	1	911	1
7	1	16	1	909	5
7	1	17	1	929	2
7	1	18	1	927	2
7	1	19	1	916	6
7	1	20	1	915	7
7	1	22	1	905	6
7	1	23	1	911	2
7	1	24	1	914	9
7	1	25	1	912	6
7	1	26	1	922	4
7	1	27	1	909	5
7	1	28	1	892	1
7	1	29	1	913	2
7	1	30	1	897	19
7	1	32	1	917	5
7	1	33	1	910	3
7	1	34	1	898	5
7	1	35	1	904	2
7	2	1	1	879	4
7	2	2	1	866	3
7	2	5	1	867	1
7	2	6	1	875	2
7	2	8	1	881	5
7	2	10	1	864	6
7	2	11	1	870	3
7	2	14	1	868	4
7	2	15	1	868	3
7	2	16	1	884	1
7	2	17	1	866	2
7	2	18	1	864	1
7	2	19	1	873	2
7	2	20	1	865	9
7	2	21	1	855	3
7	2	22	1	880	7
7	2	23	1	857	1
7	2	24	1	866	2
7	2	25	1	866	7
7	2	26	1	869	1
7	2	27	1	864	5
7	2	28	1	870	3
7	2	29	1	854	3
7	2	30	1	867	6
7	2	31	1	867	3
7	2	32	1	863	1
7	2	33	1	856	12
7	2	34	1	867	4
7	2	35	1	863	1
7	3	1	1	810	4
7	3	2	1	810	1
7	3	3	1	813	4
7	3	4	1	807	1
7	3	5	1	825	7
7	3	6	1	805	1
7	3	7	1	825	5
7	3	8	1	812	2
7	3	9	1	811	8
7	3	10	1	815	1
7	3	11	1	822	1
7	3	12	1	815	3
7	3	13	1	818	4
7	3	15	1	815	4
7	3	16	1	815	4
7	3	18	1	812	4
7	3	19	1	814	1
7	3	22	1	822	4
7	3	23	1	818	2
7	3	24	1	806	2
7	3	25	1	816	3
7	3	26	1	818	4
7	3	27	1	806	3
7	3	28	1	807	1
7	3	29	1	811	4
7	3	30	1	813	4
7	3	31	1	803	3
7	3	32	1	825	5
7	3	33	1	805	1
7	3	34	1	812	11
7	3	35	1	812	5
8	0	0	1	799	9
8	0	1	1	800	13
8	0	2	1	812	6
8	0	3	1	807	7
8	0	4	1	799	6
8	0	5	1	813	3
8	0	7	1	820	7
8	0	8	1	826	3
8	0	10	1	811	5
8	0	11	1	794	5
8	0	12	1	805	7
8	0	14	1	807	6
8	0	15	1	800	4
8	0	16	1	808	5
8	0	17	1	817	7
8	0	18	1	811	3
8	0	19	1	812	3
8	0	20	1	819	6
8	0	22	1	785	18
8	0	23	1	822	6
8	0	24	1	807	5
8	0	25	1	800	3
8	0	26	1	807	6
8	0	29	1	810	32
8	0	30	1	807	5
8	0	31	1	807	3
8	0	33	1	816	8
8	0	34	1	797	8
8	1	1	1	781	2
8	1	2	1	773	2
8	1	3	1	766	2
8	1	4	1	773	3
8	1	5	1	771	3
8	1	7	1	773	5
8	1	8	1	777	2
8	1	10	1	785	2
8	1	11	1	781	2
8	1	12	1	767	3
8	1	13	1	773	5
8	1	14	1	773	8
8	1	15	1	765	2
8	1	16	1	770	3
8	1	17	1	776	1
8	1	18	1	777	3
8	1	19	1	772	1
8	1	20	1	779	3
8	1	22	1	775	2
8	1	23	1	785	2
8	1	27	1	780	3
8	1	28	1	775	3
8	1	29	1	772	1
8	1	30	1	765	6
8	1	31	1	775	16
8	1	32	1	765	1
8	1	33	1	767	3
8	1	34	1	769	6
8	1	35	1	759	3
8	2	0	1	908	2
8	2	1	1	899	58
8	2	2	1	908	9
8	2	3	1	914	74
8	2	4	1	915	10
8	3	1	1	780	2
8	3	2	1	768	5
8	3	3	1	778	1
8	3	5	1	770	1
8	3	6	1	775	1
8	3	7	1	783	1
8	3	9	1	776	6
8	3	12	1	778	2
8	3	13	1	780	1
8	3	14	1	783	2
8	3	15	1	785	6
8	3	16	1	778	2
8	3	17	1	769	1
8	3	18	1	775	2
8	3	19	1	770	2
8	3	20	1	775	3
8	3	21	1	774	2
8	3	23	1	782	1
8	3	24	1	786	1
8	3	25	1	782	3
8	3	26	1	775	1
8	3	28	1	779	3
8	3	29	1	765	3
8	3	30	1	779	3
8	3	31	1	768	3
8	3	32	1	775	2
8	3	33	1	764	1
8	3	34	1	775	4
8	3	35	1	776	3
9	0	1	1	791	2
9	0	2	1	786	12
9	0	3	1	798	6
9	0	4	1	793	10
9	0	6	1	797	6
9	0	7	1	799	9
9	0	8	1	801	3
9	0	9	1	794	8
9	0	10	1	806	4
9	0	11	1	799	8
9	0	12	1	805	1
9	0	13	1	793	10
9	0	15	1	790	3
9	0	16	1	782	30
9	0	17	1	804	3
9	0	18	1	794	6
9	0	19	1	801	5
9	0	20	1	796	12
9	0	21	1	785	12
9	0	23	1	787	8
9	0	25	1	795	14
9	0	26	1	792	8
9	0	27	1	799	8
9	0	28	1	790	14
9	0	30	1	800	2
9	0	31	1	789	5
9	0	32	1	785	4
9	0	33	1	788	3
9	1	0	1	829	2
9	1	1	1	814	5
9	1	2	1	827	2
9	1	4	1	814	3
9	1	7	1	819	2
9	1	8	1	827	2
9	1	9	1	827	3
9	1	11	1	826	1
9	1	12	1	830	4
9	1	13	1	838	5
9	1	15	1	832	6
9	1	16	1	815	2
9	1	17	1	829	4
9	1	18	1	825	6
9	1	20	1	818	3
9	1	21	1	821	3
9	1	22	1	817	4
9	1	23	1	823	2
9	1	24	1	825	7
9	1	25	1	842	8
9	1	26	1	828	5
9	1	27	1	831	6
9	1	28	1	819	3
9	1	32	1	817	10
9	1	33	1	824	6
9	1	34	1	820	5
9	2	0	1	876	5
9	2	1	1	874	13
9	2	2	1	853	26
9	2	3	1	880	27
9	2	4	1	883	29
9	2	6	1	891	34
9	2	7	1	868	6
9	2	8	1	893	8
9	2	9	1	869	7
9	2	10	1	875	22
9	2	11	1	894	1
9	2	12	1	883	11
9	2	14	1	883	1
9	2	15	1	890	1
9	2	16	1	889	9
9	2	17	1	880	3
9	2	18	1	879	35
9	2	19	1	875	27
9	2	25	1	879	6
9	2	26	1	870	6
9	2	27	1	875	10
9	2	28	1	883	6
9	2	30	1	877	8
9	2	31	1	871	3
9	2	32	1	875	4
9	2	33	1	861	11
9	2	34	1	882	6
9	2	35	1	864	2
9	3	2	1	926	5
9	3	3	1	918	12
9	3	6	1	928	4
9	3	7	1	924	1
9	3	8	1	921	6
9	3	9	1	927	8
9	3	10	1	917	1
9	3	11	1	899	28
9	3	12	1	907	1
9	3	13	1	922	2
9	3	14	1	919	4
9	3	15	1	936	1
9	3	16	1	921	23
9	3	17	1	920	1
9	3	18	1	916	4
9	3	19	1	921	2
9	3	20	1	912	5
9	3	21	1	922	1
9	3	22	1	924	15
9	3	23	1	917	7
9	3	24	1	933	3
9	3	25	1	919	2
9	3	26	1	928	3
9	3	27	1	915	6
9	3	28	1	913	1
9	3	29	1	911	6
9	3	30	1	927	1
9	3	31	1	912	2
9	3	32	1	910	1
9	3	33	1	918	2
9	3	34	1	909	24
9	3	35	1	905	1
10	0	13	1	936	3
10	0	19	1	940	4
10	0	25	1	925	1
10	0	28	1	939	5
10	0	29	1	932	8
10	0	31	1	923	2
10	0	33	1	936	5
10	0	34	1	933	1
10	1	5	1	872	1
10	1	7	1	877	3
10	1	8	1	877	3
10	1	9	1	887	1
10	1	18	1	879	3
10	1	21	1	879	2
10	1	26	1	876	1
10	1	27	1	883	2
10	1	31	1	870	3
10	1	33	1	873	4
10	1	34	1	877	2
10	1	35	1	871	2
10	2	1	1	887	3
10	2	2	1	888	2
10	2	5	1	883	1
10	2	7	1	876	2
10	2	9	1	879	5
10	2	22	1	884	4
10	2	25	1	897	3
10	2	27	1	881	4
10	2	28	1	881	2
10	2	30	1	890	1
10	2	31	1	879	2
10	3	1	1	811	1
10	3	3	1	814	2
10	3	6	1	827	2
10	3	13	1	819	4
10	3	14	1	817	3
10	3	15	1	813	3
10	3	16	1	814	2
10	3	19	1	816	3
10	3	20	1	818	3
10	3	21	1	808	4
10	3	25	1	824	2
10	3	27	1	830	1
10	3	29	1	822	2
10	3	30	1	812	2
10	3	31	1	812	3
10	3	32	1	810	4
10	3	33	1	807	3
10	3	34	1	813	1
11	0	4	1	879	10
11	0	5	1	883	1
11	0	6	1	882	5
11	0	7	1	876	8
11	0	8	1	881	2
11	0	9	1	885	10
11	0	10	1	868	1
11	0	11	1	886	1
11	0	12	1	878	1
11	0	13	1	886	2
11	0	14	1	876	1
11	0	15	1	890	5
11	0	19	1	888	10
11	0	20	1	894	4
11	0	21	1	889	1
11	0	22	1	884	1
11	0	24	1	882	2
11	0	25	1	883	1
11	0	26	1	870	1
11	0	27	1	895	1
11	0	30	1	895	1
11	0	31	1	874	1
11	1	0	1	794	8
11	1	1	1	807	2
11	1	2	1	795	7
11	1	3	1	807	6
11	1	4	1	795	13
11	1	5	1	793	2
11	1	6	1	811	8
11	1	8	1	812	12
11	1	9	1	806	5
11	1	10	1	799	8
11	1	11	1	811	2
11	1	12	1	799	5
11	1	13	1	807	10
11	1	14	1	798	15
11	1	15	1	792	3
11	1	16	1	798	5
11	1	18	1	815	11
11	1	19	1	797	10
11	1	20	1	806	5
11	1	21	1	815	8
11	1	22	1	808	3
11	1	23	1	816	18
11	1	24	1	796	27
11	1	25	1	775	29
11	1	26	1	808	11
11	1	27	1	798	8
11	1	28	1	797	2
11	1	29	1	795	2
11	1	32	1	810	27
11	1	33	1	806	12
11	1	34	1	801	1
11	1	35	1	812	8
11	2	0	1	893	12
11	2	2	1	902	8
11	2	4	1	894	5
11	2	5	1	899	14
11	2	6	1	899	12
11	2	7	1	908	17
11	2	8	1	898	16
11	2	9	1	901	3
11	2	10	1	901	5
11	2	11	1	904	6
11	2	12	1	889	6
11	2	13	1	911	12
11	2	14	1	893	9
11	2	15	1	900	9
11	2	16	1	899	5
11	2	17	1	914	7
11	2	19	1	899	9
11	2	20	1	907	13
11	2	21	1	890	7
11	2	23	1	906	5
11	2	24	1	903	9
11	2	25	1	893	6
11	2	26	1	912	10
11	2	27	1	908	3
11	2	31	1	897	2
11	2	32	1	883	5
11	2	33	1	890	8
11	2	34	1	891	5
11	2	35	1	895	5
11	3	0	1	862	8
11	3	2	1	854	4
11	3	4	1	854	8
11	3	5	1	852	4
11	3	6	1	849	7
11	3	7	1	859	4
11	3	8	1	844	12
11	3	9	1	850	7
11	3	10	1	854	3
11	3	12	1	860	1
11	3	13	1	861	3
11	3	14	1	866	11
11	3	15	1	878	11
11	3	16	1	864	10
11	3	17	1	851	8
11	3	18	1	841	8
11	3	19	1	855	3
11	3	20	1	869	13
11	3	21	1	857	7
11	3	22	1	844	4
11	3	23	1	853	4
11	3	24	1	845	45
11	3	25	1	860	9
11	3	26	1	848	25
11	3	27	1	868	8
11	3	28	1	853	11
11	3	29	1	851	6
11	3	30	1	858	22
11	3	31	1	840	12
11	3	32	1	829	29
11	3	33	1	853	11
11	3	34	1	850	8
11	3	35	1	850	7
11	4	0	1	946	8
11	4	1	1	955	3
11	4	3	1	962	4
11	4	4	1	941	2
11	4	5	1	942	3
11	4	6	1	948	15
11	4	7	1	953	6
11	4	8	1	953	7
11	4	9	1	949	2
11	4	10	1	947	5
11	4	11	1	954	3
11	4	12	1	971	11
11	4	13	1	951	6
11	4	14	1	937	3
11	4	15	1	955	1
11	4	17	1	954	8
11	4	18	1	958	31
11	4	19	1	955	9
11	4	20	1	951	11
11	4	21	1	942	1
11	4	23	1	940	7
11	4	24	1	949	1
11	4	25	1	938	4
11	4	26	1	943	6
11	4	27	1	944	20
11	4	28	1	943	5
11	4	29	1	959	18
11	4	30	1	915	29
11	4	31	1	886	1
11	4	32	1	940	8
11	4	33	1	936	47
11	5	0	1	874	6
11	5	1	1	864	8
11	5	2	1	879	19
11	5	3	1	863	15
11	5	4	1	885	18
11	5	5	1	882	16
11	5	6	1	887	15
11	5	8	1	873	10
11	5	9	1	883	15
11	5	10	1	879	3
11	5	11	1	874	1
11	5	13	1	872	13
11	5	14	1	887	5
11	5	15	1	881	6
11	5	16	1	870	10
11	5	18	1	884	1
11	5	22	1	886	16
11	5	23	1	873	1
11	5	24	1	880	5
11	5	25	1	881	25
11	5	26	1	876	12
11	5	27	1	877	20
11	5	28	1	866	12
11	5	31	1	866	1
11	5	32	1	872	6
11	5	33	1	864	19
11	5	35	1	868	7
11	6	0	1	839	6
11	6	1	1	814	20
11	6	2	1	841	4
11	6	3	1	835	24
11	6	4	1	850	10
11	6	5	1	843	4
11	6	6	1	839	4
11	6	7	1	848	1
11	6	8	1	845	3
11	6	9	1	839	7
11	6	10	1	826	3
11	6	11	1	841	7
11	6	12	1	843	1
11	6	13	1	834	3
11	6	14	1	831	4
11	6	15	1	840	2
11	6	16	1	850	6
11	6	17	1	848	2
11	6	18	1	840	6
11	6	19	1	849	11
11	6	20	1	840	4
11	6	21	1	846	2
11	6	22	1	839	4
11	6	23	1	840	4
11	6	24	1	841	4
11	6	25	1	847	4
11	6	26	1	820	12
11	6	27	1	839	3
11	6	28	1	831	4
11	6	29	1	834	9
11	6	30	1	832	1
11	6	31	1	839	7
11	6	32	1	838	8
11	6	33	1	827	10
11	6	34	1	841	6
11	6	35	1	838	1
11	7	1	1	861	6
11	7	2	1	862	6
11	7	3	1	848	7
11	7	4	1	854	8
11	7	5	1	859	2
11	7	6	1	851	4
11	7	7	1	854	6
11	7	8	1	850	6
11	7	9	1	865	7
11	7	10	1	864	2
11	7	11	1	857	2
11	7	12	1	845	6
11	7	13	1	873	6
11	7	14	1	845	15
11	7	15	1	852	5
11	7	16	1	842	8
11	7	17	1	852	1
11	7	18	1	864	6
11	7	19	1	858	7
11	7	20	1	869	6
11	7	21	1	849	9
11	7	22	1	843	3
11	7	23	1	850	6
11	7	24	1	864	4
11	7	25	1	857	2
11	7	26	1	864	10
11	7	27	1	847	2
11	7	28	1	844	1
11	7	29	1	850	7
11	7	31	1	850	8
11	7	33	1	856	15
11	7	34	1	848	12
11	7	35	1	839	11
11	8	1	1	845	4
11	8	2	1	849	3
11	8	3	1	848	7
11	8	4	1	852	1
11	8	5	1	857	1
11	8	6	1	854	2
11	8	7	1	859	4
11	8	8	1	842	15
11	8	9	1	850	14
11	8	10	1	835	1
11	8	11	1	851	1
11	8	12	1	855	3
11	8	13	1	855	3
11	8	14	1	866	7
11	8	15	1	877	13
11	8	16	1	859	12
11	8	17	1	867	1
11	8	18	1	874	2
11	8	19	1	852	8
11	8	20	1	847	10
11	8	21	1	851	10
11	8	22	1	863	1
11	8	24	1	854	5
11	8	25	1	847	4
11	8	26	1	864	7
11	8	27	1	846	1
11	8	28	1	853	6
11	8	29	1	848	7
11	8	30	1	860	2
11	8	31	1	855	3
11	8	32	1	842	7
11	8	33	1	841	59
11	8	34	1	842	1
11	8	35	1	845	1
11	9	0	1	884	4
11	9	1	1	882	6
11	9	2	1	895	5
11	9	3	1	891	3
11	9	4	1	903	21
11	9	5	1	833	50
11	9	6	1	872	4
11	9	7	1	893	3
11	9	8	1	891	4
11	9	9	1	874	12
11	9	10	1	885	4
11	9	11	1	895	2
11	9	12	1	873	6
11	9	13	1	880	9
11	9	14	1	896	6
11	9	15	1	878	5
11	9	16	1	878	8
11	9	17	1	882	12
11	9	18	1	886	3
11	9	19	1	876	3
11	9	20	1	883	7
11	9	21	1	879	1
11	9	22	1	890	7
11	9	23	1	896	10
11	9	24	1	876	3
11	9	25	1	891	2
11	9	26	1	878	4
11	9	27	1	878	8
11	9	28	1	861	4
11	9	29	1	878	4
11	9	30	1	878	1
11	9	31	1	874	4
11	9	32	1	877	4
11	9	33	1	893	4
11	9	34	1	887	2
11	9	35	1	880	2
11	10	1	1	900	2
11	10	2	1	900	5
11	10	3	1	898	4
11	10	4	1	880	1
11	10	5	1	896	1
11	10	7	1	898	2
11	10	8	1	896	4
11	10	9	1	902	4
11	10	10	1	887	2
11	10	11	1	892	11
11	10	12	1	907	2
11	10	13	1	901	1
11	10	14	1	895	1
11	10	15	1	902	6
11	10	16	1	889	7
11	10	17	1	906	1
11	10	18	1	905	4
11	10	19	1	894	5
11	10	20	1	891	7
11	10	21	1	895	4
11	10	22	1	891	1
11	10	23	1	905	2
11	10	24	1	902	11
11	10	25	1	907	17
11	10	26	1	907	7
11	10	27	1	895	2
11	10	28	1	893	2
11	10	29	1	907	2
11	10	30	1	901	3
11	10	31	1	884	6
11	10	32	1	908	1
11	10	33	1	901	1
11	10	34	1	890	7
11	11	0	1	839	9
11	11	2	1	828	1
11	11	3	1	831	2
11	11	4	1	832	2
11	11	6	1	841	7
11	11	7	1	833	1
11	11	8	1	855	2
11	11	9	1	831	1
11	11	10	1	824	9
11	11	11	1	830	9
11	11	12	1	823	3
11	11	13	1	834	6
11	11	14	1	830	5
11	11	15	1	829	11
11	11	16	1	828	3
11	11	17	1	838	7
11	11	18	1	834	9
11	11	19	1	825	1
11	11	20	1	836	2
11	11	21	1	837	2
11	11	22	1	831	1
11	11	23	1	838	2
11	11	24	1	847	5
11	11	25	1	833	3
11	11	26	1	844	4
11	11	27	1	828	3
11	11	28	1	828	4
11	11	29	1	840	1
11	11	30	1	831	2
11	11	31	1	831	2
11	11	32	1	835	2
11	11	33	1	828	3
11	11	34	1	828	3
11	11	35	1	839	4
11	12	0	1	897	8
11	12	1	1	896	22
11	12	2	1	903	5
11	12	6	1	912	4
11	12	7	1	908	2
11	12	8	1	891	7
11	12	9	1	893	7
11	12	10	1	901	3
11	12	11	1	904	2
11	12	12	1	905	1
11	12	13	1	894	3
11	12	14	1	903	4
11	12	15	1	887	1
11	12	16	1	892	3
11	12	17	1	906	4
11	12	18	1	893	1
11	12	19	1	895	1
11	12	20	1	901	5
11	12	21	1	906	2
11	12	22	1	897	2
11	12	23	1	894	2
11	12	24	1	906	4
11	12	25	1	905	9
11	12	26	1	895	4
11	12	27	1	893	3
11	12	28	1	894	2
11	12	29	1	897	5
11	12	30	1	887	3
11	12	31	1	897	3
11	12	32	1	904	4
11	12	33	1	894	2
11	12	34	1	898	3
11	12	35	1	890	4
11	13	0	1	820	3
11	13	1	1	832	4
11	13	2	1	828	7
11	13	3	1	821	5
11	13	4	1	819	2
11	13	5	1	824	2
11	13	6	1	818	2
11	13	7	1	827	2
11	13	8	1	830	3
11	13	9	1	823	1
11	13	10	1	814	4
11	13	11	1	838	9
11	13	12	1	824	1
11	13	13	1	814	4
11	13	14	1	816	7
11	13	15	1	830	3
11	13	16	1	824	3
11	13	18	1	816	6
11	13	19	1	829	9
11	13	20	1	829	1
11	13	21	1	824	2
11	13	22	1	824	6
11	13	23	1	819	3
11	13	24	1	820	12
11	13	25	1	826	3
11	13	26	1	830	2
11	13	27	1	831	3
11	13	28	1	824	5
11	13	31	1	806	6
11	13	32	1	816	9
11	13	33	1	814	3
11	13	34	1	809	5
11	13	35	1	818	3
11	14	0	1	841	26
11	14	2	1	857	8
11	14	3	1	819	20
11	14	4	1	825	9
11	14	5	1	827	13
11	14	6	1	840	6
11	14	7	1	827	3
11	14	9	1	840	11
11	14	10	1	827	1
11	14	11	1	839	6
11	14	12	1	850	7
11	14	13	1	838	2
11	14	14	1	822	14
11	14	15	1	838	13
11	14	16	1	848	10
11	14	17	1	847	2
11	14	18	1	829	3
11	14	19	1	824	7
11	14	20	1	837	1
11	14	21	1	846	1
11	14	22	1	822	10
11	14	23	1	837	5
11	14	24	1	836	4
11	14	25	1	846	4
11	14	26	1	852	4
11	14	27	1	834	9
11	14	28	1	849	6
11	14	29	1	841	6
11	14	30	1	848	2
11	14	31	1	839	4
11	14	32	1	840	7
11	14	33	1	835	1
11	14	34	1	838	2
11	14	35	1	837	3
11	15	3	1	840	12
11	15	7	1	836	1
11	15	8	1	840	8
11	15	9	1	842	9
11	15	11	1	837	9
11	15	12	1	846	1
11	15	13	1	840	5
11	15	14	1	836	16
11	15	15	1	839	1
11	15	16	1	870	4
11	15	17	1	835	5
11	15	18	1	837	5
11	15	19	1	838	6
11	15	21	1	837	6
11	15	22	1	845	1
11	15	23	1	836	1
11	15	24	1	837	7
11	15	26	1	840	1
11	15	27	1	842	9
11	15	28	1	830	11
11	15	31	1	835	8
11	15	32	1	834	8
11	15	33	1	839	12
11	15	34	1	827	10
11	15	35	1	826	7
12	0	1	1	967	5
12	0	2	1	960	5
12	0	3	1	959	9
12	0	4	1	968	4
12	0	5	1	939	1
12	0	6	1	960	11
12	0	7	1	961	1
12	0	8	1	943	2
12	0	9	1	949	1
12	0	10	1	960	1
12	0	11	1	943	1
12	0	12	1	961	2
12	0	13	1	952	17
12	0	14	1	961	1
12	0	15	1	938	1
12	0	16	1	964	1
12	0	17	1	949	1
12	0	18	1	951	6
12	0	19	1	936	8
12	0	20	1	958	1
12	0	21	1	940	1
12	0	22	1	944	1
12	0	24	1	943	8
12	0	25	1	950	1
12	0	26	1	924	1
12	0	27	1	959	1
12	0	28	1	973	1
12	0	30	1	946	1
12	0	31	1	946	1
12	0	32	1	945	1
12	0	33	1	948	1
12	0	35	1	948	1
12	1	1	1	856	4
12	1	2	1	848	2
12	1	3	1	862	3
12	1	4	1	851	3
12	1	5	1	858	4
12	1	6	1	861	5
12	1	7	1	861	6
12	1	8	1	861	1
12	1	9	1	849	4
12	1	10	1	862	5
12	1	11	1	869	3
12	1	12	1	856	5
12	1	13	1	851	5
12	1	14	1	850	8
12	1	15	1	853	1
12	1	16	1	869	1
12	1	18	1	861	1
12	1	19	1	865	1
12	1	20	1	870	41
12	1	21	1	856	40
12	1	22	1	859	14
12	1	23	1	856	45
12	1	24	1	863	6
12	1	25	1	863	1
12	1	26	1	868	5
12	1	27	1	863	22
12	1	28	1	861	19
12	1	29	1	866	36
12	1	30	1	866	4
12	1	31	1	850	3
12	1	32	1	868	8
12	1	33	1	843	1
12	1	34	1	847	2
12	1	35	1	844	4
12	2	0	1	914	1
12	2	1	1	931	1
12	2	2	1	908	56
12	2	3	1	912	2
12	2	4	1	943	4
12	2	5	1	926	3
12	2	6	1	929	5
12	2	7	1	939	1
12	2	8	1	939	4
12	2	9	1	921	12
12	2	10	1	926	5
12	2	11	1	925	2
12	2	12	1	887	33
12	2	13	1	913	1
12	2	14	1	920	20
12	2	15	1	930	12
12	2	16	1	923	4
12	2	17	1	924	4
12	2	18	1	911	24
12	2	19	1	929	1
12	2	20	1	925	2
12	2	21	1	923	6
12	2	22	1	920	4
12	2	23	1	933	6
12	2	24	1	915	1
12	2	25	1	907	9
12	2	26	1	930	8
12	2	27	1	933	8
12	2	28	1	919	8
12	2	29	1	922	3
12	2	30	1	933	1
12	2	31	1	888	34
12	2	32	1	945	3
12	2	33	1	913	5
12	2	34	1	913	1
12	2	35	1	923	9
12	3	1	1	847	41
12	3	2	1	884	3
12	3	3	1	866	3
12	3	4	1	873	20
12	3	5	1	875	3
12	3	6	1	868	6
12	3	7	1	863	3
12	3	8	1	871	22
12	3	9	1	871	5
12	3	10	1	864	2
12	3	11	1	871	7
12	3	12	1	876	7
12	3	13	1	867	1
12	3	14	1	880	6
12	3	15	1	879	4
12	3	16	1	883	5
12	3	17	1	858	6
12	3	18	1	875	10
12	3	19	1	871	7
12	3	20	1	875	4
12	3	21	1	867	3
12	3	22	1	852	27
12	3	23	1	868	4
12	3	24	1	862	5
12	3	25	1	872	13
12	3	26	1	864	4
12	3	27	1	864	4
12	3	28	1	862	2
12	3	29	1	864	4
12	3	30	1	868	1
12	3	31	1	868	6
12	3	32	1	862	7
12	3	33	1	857	7
12	3	34	1	863	6
12	3	35	1	865	3
12	4	0	1	767	7
12	4	1	1	765	8
12	4	2	1	764	2
12	4	3	1	766	9
12	4	4	1	770	4
12	4	5	1	764	3
12	4	6	1	766	5
12	4	7	1	769	4
12	4	8	1	774	7
12	4	9	1	771	3
12	4	10	1	781	10
12	4	11	1	767	6
12	4	12	1	773	5
12	4	13	1	770	9
12	4	14	1	773	3
12	4	15	1	769	5
12	4	16	1	771	4
12	4	17	1	770	5
12	4	18	1	771	5
12	4	19	1	758	4
12	4	20	1	776	6
12	4	21	1	765	1
12	4	22	1	766	1
12	4	23	1	762	3
12	4	24	1	769	1
12	4	25	1	762	8
12	4	26	1	766	4
12	4	27	1	769	2
12	4	28	1	761	4
12	4	29	1	764	2
12	4	30	1	769	3
12	4	31	1	757	6
12	4	32	1	760	1
12	4	33	1	765	1
12	4	34	1	767	5
12	4	35	1	758	2
12	5	0	1	820	1
12	5	1	1	800	8
12	5	2	1	805	3
12	5	3	1	818	1
12	5	4	1	811	2
12	5	5	1	808	3
12	5	6	1	798	2
12	5	7	1	800	20
12	5	8	1	812	3
12	5	9	1	801	3
12	5	10	1	807	3
12	5	11	1	811	2
12	5	12	1	812	3
12	5	13	1	813	2
12	5	14	1	805	5
12	5	15	1	802	5
12	5	16	1	809	7
12	5	18	1	791	7
12	5	19	1	810	8
12	5	20	1	813	1
12	5	21	1	800	4
12	5	22	1	807	6
12	5	23	1	810	4
12	5	24	1	813	2
12	5	25	1	803	1
12	5	26	1	804	1
12	5	27	1	810	1
12	5	28	1	806	7
12	5	29	1	812	2
12	5	30	1	800	8
12	5	31	1	809	4
12	5	32	1	803	3
12	5	33	1	813	4
12	5	34	1	787	1
12	5	35	1	795	1
12	6	0	1	842	4
12	6	1	1	846	11
12	6	2	1	841	42
12	6	3	1	842	4
12	6	4	1	845	4
12	6	5	1	843	1
12	6	6	1	857	2
12	6	7	1	848	4
12	6	8	1	848	3
12	6	9	1	850	7
12	6	10	1	859	7
12	6	11	1	852	7
12	6	12	1	837	7
12	6	13	1	851	3
12	6	14	1	845	12
12	6	15	1	849	7
12	6	16	1	843	8
12	6	17	1	858	7
12	6	18	1	849	4
12	6	19	1	854	7
12	6	20	1	834	26
12	6	21	1	851	11
12	6	22	1	859	8
12	6	23	1	843	7
12	6	24	1	842	6
12	6	25	1	852	7
12	6	26	1	850	14
12	6	27	1	850	10
12	6	28	1	845	18
12	6	29	1	847	9
12	6	30	1	845	1
12	6	31	1	849	46
12	6	32	1	841	36
12	6	33	1	803	46
12	6	35	1	822	7
12	7	0	1	819	2
12	7	1	1	822	3
12	7	2	1	815	5
12	7	3	1	826	7
12	7	4	1	808	8
12	7	5	1	805	1
12	7	6	1	821	3
12	7	7	1	815	1
12	7	8	1	830	3
12	7	9	1	834	6
12	7	10	1	822	14
12	7	11	1	821	15
12	7	12	1	829	5
12	7	13	1	821	5
12	7	14	1	835	3
12	7	15	1	823	14
12	7	16	1	822	3
12	7	17	1	821	2
12	7	18	1	821	4
12	7	19	1	824	5
12	7	20	1	829	14
12	7	21	1	823	8
12	7	22	1	818	3
12	7	23	1	825	7
12	7	24	1	816	5
12	7	25	1	834	10
12	7	26	1	832	12
12	7	27	1	826	18
12	7	28	1	807	6
12	7	29	1	821	6
12	7	30	1	819	5
12	7	31	1	825	7
12	7	32	1	821	3
12	7	33	1	816	9
12	7	34	1	813	1
12	7	35	1	819	3
12	8	0	1	813	3
12	8	1	1	816	6
12	8	2	1	819	2
12	8	3	1	814	9
12	8	4	1	823	2
12	8	5	1	815	4
12	8	6	1	819	4
12	8	7	1	813	4
12	8	8	1	818	8
12	8	9	1	827	4
12	8	10	1	831	4
12	8	11	1	831	5
12	8	12	1	825	3
12	8	13	1	809	6
12	8	14	1	816	3
12	8	15	1	819	8
12	8	16	1	829	1
12	8	18	1	830	1
12	8	19	1	819	2
12	8	20	1	824	1
12	8	21	1	821	5
12	8	22	1	820	9
12	8	23	1	834	14
12	8	24	1	811	4
12	8	25	1	833	3
12	8	26	1	821	1
12	8	27	1	814	10
12	8	28	1	825	2
12	8	29	1	823	4
12	8	30	1	819	6
12	8	31	1	818	3
12	8	32	1	814	4
12	8	33	1	825	3
12	8	34	1	807	5
12	8	35	1	816	6
12	9	0	1	876	7
12	9	1	1	885	2
12	9	2	1	875	3
12	9	3	1	891	5
12	9	4	1	894	3
12	9	5	1	891	7
12	9	6	1	890	2
12	9	7	1	877	5
12	9	8	1	884	1
12	9	9	1	890	3
12	9	10	1	886	2
12	9	11	1	892	8
12	9	12	1	882	3
12	9	13	1	874	2
12	9	14	1	870	6
12	9	15	1	886	7
12	9	16	1	891	5
12	9	17	1	884	1
12	9	18	1	884	4
12	9	19	1	882	2
12	9	20	1	879	6
12	9	21	1	878	2
12	9	22	1	893	4
12	9	23	1	891	6
12	9	24	1	889	3
12	9	25	1	884	5
12	9	26	1	892	2
12	9	27	1	885	6
12	9	28	1	875	5
12	9	29	1	883	2
12	9	30	1	881	2
12	9	31	1	884	5
12	9	32	1	880	1
12	9	33	1	876	4
12	9	35	1	879	2
12	10	1	1	932	6
12	10	2	1	957	8
12	10	3	1	942	1
12	10	4	1	935	3
12	10	5	1	949	1
12	10	7	1	940	2
12	10	8	1	931	10
12	10	9	1	953	6
12	10	10	1	950	1
12	10	11	1	931	2
12	10	13	1	954	1
12	10	14	1	951	1
12	10	15	1	946	5
12	10	16	1	939	9
12	10	17	1	939	6
12	10	18	1	929	1
12	10	19	1	945	6
12	10	20	1	951	2
12	10	21	1	941	6
12	10	22	1	932	14
12	10	23	1	940	4
12	10	24	1	947	1
12	10	25	1	928	5
12	10	26	1	938	9
12	10	27	1	936	1
12	10	29	1	950	9
12	10	30	1	950	1
12	10	31	1	940	5
12	10	32	1	939	14
12	10	33	1	945	12
12	10	34	1	935	5
12	10	35	1	940	1
12	11	0	1	760	5
12	11	1	1	759	1
12	11	2	1	753	6
12	11	3	1	756	13
12	11	4	1	768	1
12	11	5	1	756	9
12	11	6	1	751	5
12	11	7	1	749	9
12	11	8	1	781	9
12	11	9	1	767	4
12	11	10	1	763	1
12	11	11	1	763	5
12	11	12	1	769	7
12	11	13	1	750	7
12	11	14	1	771	4
12	11	15	1	770	3
12	11	16	1	752	3
12	11	17	1	757	4
12	11	18	1	756	6
12	11	19	1	761	7
12	11	20	1	763	6
12	11	21	1	759	7
12	11	22	1	758	8
12	11	23	1	756	9
12	11	24	1	759	18
12	11	25	1	759	4
12	11	26	1	760	4
12	11	27	1	764	2
12	11	28	1	767	7
12	11	29	1	754	6
12	11	30	1	752	4
12	11	31	1	762	7
12	11	32	1	748	3
12	11	33	1	755	1
12	11	34	1	751	2
12	11	35	1	758	3
12	12	0	1	789	2
12	12	1	1	784	9
12	12	2	1	792	10
12	12	3	1	775	4
12	12	4	1	785	17
12	12	6	1	780	1
12	12	7	1	782	3
12	12	8	1	787	8
12	12	9	1	780	5
12	12	10	1	790	1
12	12	11	1	790	4
12	12	12	1	799	7
12	12	13	1	792	4
12	12	14	1	791	3
12	12	15	1	791	2
12	12	16	1	787	4
12	12	17	1	795	4
12	12	18	1	790	9
12	12	19	1	772	6
12	12	20	1	788	8
12	12	21	1	784	5
12	12	22	1	793	5
12	12	23	1	804	3
12	12	24	1	783	5
12	12	25	1	791	3
12	12	26	1	780	4
12	12	27	1	782	2
12	12	28	1	782	2
12	12	29	1	793	4
12	12	30	1	779	9
12	12	31	1	788	10
12	12	32	1	788	5
12	12	33	1	783	4
12	12	34	1	789	3
12	12	35	1	774	3
12	13	1	1	948	1
12	13	2	1	941	1
12	13	3	1	952	8
12	13	4	1	947	3
12	13	5	1	944	6
12	13	6	1	952	1
12	13	7	1	945	6
12	13	8	1	946	14
12	13	9	1	943	4
12	13	10	1	935	5
12	13	11	1	933	2
12	13	12	1	939	2
12	13	13	1	930	1
12	13	14	1	956	8
12	13	15	1	938	9
12	13	16	1	944	2
12	13	18	1	937	8
12	13	19	1	945	4
12	13	20	1	951	4
12	13	21	1	946	3
12	13	22	1	950	4
12	13	23	1	944	6
12	13	24	1	947	3
12	13	25	1	941	21
12	13	26	1	932	18
12	13	27	1	936	4
12	13	28	1	948	4
12	13	29	1	946	4
12	13	30	1	945	4
12	13	31	1	939	2
12	13	32	1	934	8
12	13	33	1	934	16
12	13	34	1	944	3
12	13	35	1	937	4
12	14	0	1	843	17
12	14	1	1	859	8
12	14	2	1	852	4
12	14	3	1	836	3
12	14	4	1	843	7
12	14	5	1	842	6
12	14	6	1	842	4
12	14	7	1	854	8
12	14	8	1	838	6
12	14	9	1	840	6
12	14	10	1	850	4
12	14	11	1	842	2
12	14	12	1	841	3
12	14	13	1	838	2
12	14	14	1	846	3
12	14	15	1	840	5
12	14	16	1	836	5
12	14	17	1	868	10
12	14	18	1	839	5
12	14	19	1	850	11
12	14	20	1	850	7
12	14	21	1	845	5
12	14	22	1	858	14
12	14	23	1	831	2
12	14	24	1	846	3
12	14	25	1	850	1
12	14	26	1	844	5
12	14	27	1	847	6
12	14	28	1	837	3
12	14	29	1	841	5
12	14	30	1	849	2
12	14	31	1	852	7
12	14	32	1	846	2
12	14	33	1	853	1
12	14	34	1	834	4
12	14	35	1	832	5
12	15	0	1	842	2
12	15	1	1	836	3
12	15	2	1	851	1
12	15	3	1	829	2
12	15	4	1	828	3
12	15	5	1	836	6
12	15	6	1	846	3
12	15	7	1	834	4
12	15	8	1	835	2
12	15	9	1	850	6
12	15	10	1	842	3
12	15	11	1	836	6
12	15	12	1	835	3
12	15	13	1	835	2
12	15	14	1	832	6
12	15	15	1	839	9
12	15	16	1	846	8
12	15	17	1	855	1
12	15	18	1	840	2
12	15	19	1	846	4
12	15	20	1	828	7
12	15	21	1	844	1
12	15	22	1	828	9
12	15	23	1	839	5
12	15	24	1	829	5
12	15	25	1	846	3
12	15	26	1	839	2
12	15	27	1	837	4
12	15	28	1	824	1
12	15	29	1	840	3
12	15	30	1	843	6
12	15	31	1	843	9
12	15	32	1	823	15
12	15	33	1	840	10
12	15	34	1	828	8
12	15	35	1	839	1
13	0	0	1	823	5
13	0	1	1	834	11
13	0	2	1	842	1
13	0	3	1	828	1
13	0	4	1	821	10
13	0	5	1	826	1
13	0	6	1	827	2
13	0	7	1	828	1
13	0	8	1	841	2
13	0	9	1	832	1
13	0	10	1	845	1
13	0	11	1	826	1
13	0	12	1	845	1
13	0	13	1	813	3
13	0	14	1	833	2
13	0	15	1	830	10
13	0	16	1	825	11
13	0	17	1	830	1
13	0	18	1	833	2
13	0	19	1	834	8
13	0	20	1	823	1
13	0	21	1	819	1
13	0	22	1	837	1
13	0	24	1	835	9
13	0	25	1	817	5
13	0	26	1	813	1
13	0	27	1	835	1
13	0	28	1	830	1
13	0	30	1	820	10
13	0	31	1	839	1
13	0	32	1	824	1
13	0	33	1	827	1
13	1	0	1	830	4
13	1	1	1	835	5
13	1	2	1	821	12
13	1	3	1	827	12
13	1	4	1	838	3
13	1	5	1	831	27
13	1	6	1	833	2
13	1	7	1	826	3
13	1	8	1	839	8
13	1	9	1	831	16
13	1	10	1	832	11
13	1	11	1	828	8
13	1	12	1	828	37
13	1	13	1	834	13
13	1	14	1	823	4
13	1	15	1	838	6
13	1	16	1	825	10
13	1	18	1	834	7
13	1	19	1	821	10
13	1	20	1	834	15
13	1	21	1	823	9
13	1	22	1	832	4
13	1	23	1	827	16
13	1	24	1	822	2
13	1	25	1	827	1
13	1	26	1	818	2
13	1	27	1	825	2
13	1	28	1	822	4
13	1	29	1	826	2
13	1	30	1	819	5
13	1	31	1	819	17
13	1	32	1	809	12
13	1	33	1	796	20
13	1	34	1	792	19
13	1	35	1	826	4
13	2	0	1	857	2
13	2	1	1	860	22
13	2	2	1	865	9
13	2	3	1	867	7
13	2	4	1	862	8
13	2	5	1	854	1
13	2	6	1	869	2
13	2	7	1	866	2
13	2	8	1	867	7
13	2	9	1	873	2
13	2	10	1	874	4
13	2	11	1	859	2
13	2	12	1	858	10
13	2	13	1	878	5
13	2	14	1	865	1
13	2	15	1	864	8
13	2	16	1	872	3
13	2	17	1	867	2
13	2	18	1	858	8
13	2	19	1	856	5
13	2	20	1	874	8
13	2	21	1	863	6
13	2	22	1	846	6
13	2	23	1	859	2
13	2	24	1	869	2
13	2	25	1	861	4
13	2	26	1	869	9
13	2	27	1	855	7
13	2	28	1	862	7
13	2	29	1	859	4
13	2	30	1	845	10
13	2	31	1	868	2
13	2	32	1	848	1
13	2	33	1	861	9
13	2	34	1	864	11
13	2	35	1	853	7
13	3	0	1	828	5
13	3	2	1	823	3
13	3	3	1	814	4
13	3	4	1	817	6
13	3	5	1	808	3
13	3	6	1	830	5
13	3	7	1	827	3
13	3	8	1	829	2
13	3	9	1	823	6
13	3	10	1	823	4
13	3	11	1	824	3
13	3	12	1	815	7
13	3	13	1	844	5
13	3	14	1	835	3
13	3	15	1	838	4
13	3	16	1	822	3
13	3	17	1	821	3
13	3	18	1	817	2
13	3	19	1	827	5
13	3	20	1	824	7
13	3	21	1	840	3
13	3	22	1	828	2
13	3	23	1	824	4
13	3	24	1	834	4
13	3	25	1	826	11
13	3	26	1	833	5
13	3	27	1	829	4
13	3	28	1	823	6
13	3	29	1	821	3
13	3	30	1	835	4
13	3	31	1	817	10
13	3	32	1	832	8
13	3	33	1	833	4
13	3	34	1	823	5
13	3	35	1	822	4
13	4	0	1	890	2
13	4	1	1	890	5
13	4	2	1	878	3
13	4	3	1	879	3
13	4	4	1	898	3
13	4	5	1	886	3
13	4	6	1	886	1
13	4	7	1	883	2
13	4	8	1	896	3
13	4	9	1	885	6
13	4	10	1	891	4
13	4	11	1	883	2
13	4	12	1	889	7
13	4	13	1	880	5
13	4	14	1	888	2
13	4	15	1	877	4
13	4	16	1	882	4
13	4	17	1	899	5
13	4	18	1	887	2
13	4	19	1	894	1
13	4	20	1	888	1
13	4	21	1	869	4
13	4	22	1	890	5
13	4	23	1	871	2
13	4	24	1	899	1
13	4	25	1	884	4
13	4	26	1	896	1
13	4	27	1	869	11
13	4	28	1	882	13
13	4	29	1	883	9
13	4	30	1	889	5
13	4	31	1	889	5
13	4	32	1	887	7
13	4	33	1	881	3
13	4	34	1	887	4
13	4	35	1	890	3
13	5	0	1	804	1
13	5	1	1	813	4
13	5	2	1	805	2
13	5	3	1	795	4
13	5	4	1	803	2
13	5	5	1	804	2
13	5	6	1	812	1
13	5	7	1	815	1
13	5	8	1	808	3
13	5	9	1	801	8
13	5	10	1	802	1
13	5	11	1	805	5
13	5	12	1	802	1
13	5	13	1	792	1
13	5	14	1	809	1
13	5	15	1	805	1
13	5	16	1	813	1
13	5	18	1	811	1
13	5	20	1	808	1
13	5	21	1	804	1
13	5	22	1	813	4
13	5	23	1	795	1
13	5	24	1	801	1
13	5	25	1	814	1
13	5	26	1	809	1
13	5	27	1	811	1
13	5	28	1	784	4
13	5	29	1	806	2
13	5	30	1	801	1
13	5	31	1	799	1
13	5	32	1	813	1
13	5	33	1	809	1
13	5	34	1	804	1
13	5	35	1	790	1
13	6	0	1	823	6
13	6	1	1	827	5
13	6	2	1	820	4
13	6	3	1	837	8
13	6	4	1	833	3
13	6	5	1	814	4
13	6	6	1	839	3
13	6	7	1	823	4
13	6	8	1	823	5
13	6	9	1	830	3
13	6	10	1	824	5
13	6	11	1	817	1
13	6	12	1	826	4
13	6	13	1	827	3
13	6	15	1	824	1
13	6	16	1	820	3
13	6	17	1	827	6
13	6	18	1	836	4
13	6	19	1	823	3
13	6	20	1	826	3
13	6	22	1	836	5
13	6	23	1	830	18
13	6	24	1	849	2
13	6	25	1	831	6
13	6	26	1	829	1
13	6	27	1	819	2
13	6	28	1	835	5
13	6	29	1	820	9
13	6	30	1	826	2
13	6	31	1	838	1
13	6	32	1	826	12
13	6	33	1	833	1
13	6	34	1	819	2
13	6	35	1	821	3
13	7	0	1	871	4
13	7	1	1	868	4
13	7	2	1	875	6
13	7	3	1	872	4
13	7	4	1	869	4
13	7	5	1	875	3
13	7	6	1	869	4
13	7	7	1	880	3
13	7	8	1	880	8
13	7	9	1	872	5
13	7	10	1	878	3
13	7	11	1	858	11
13	7	12	1	889	10
13	7	13	1	868	8
13	7	14	1	875	12
13	7	15	1	861	3
13	7	16	1	877	8
13	7	17	1	864	4
13	7	18	1	874	4
13	7	19	1	881	1
13	7	20	1	866	12
13	7	21	1	877	30
13	7	22	1	864	2
13	7	23	1	884	11
13	7	24	1	867	7
13	7	25	1	878	4
13	7	26	1	873	7
13	7	27	1	857	6
13	7	28	1	888	4
13	7	29	1	865	1
13	7	30	1	873	7
13	7	32	1	877	7
13	7	33	1	869	16
13	7	34	1	869	6
13	7	35	1	888	3
13	8	0	1	826	6
13	8	1	1	839	1
13	8	2	1	845	8
13	8	3	1	852	44
13	8	4	1	837	9
13	8	5	1	841	6
13	8	6	1	846	1
13	8	7	1	843	1
13	8	8	1	842	5
13	8	9	1	848	7
13	8	10	1	851	1
13	8	11	1	833	12
13	8	12	1	851	1
13	8	13	1	839	4
13	8	14	1	840	2
13	8	15	1	863	9
13	8	16	1	859	1
13	8	17	1	850	3
13	8	18	1	852	4
13	8	19	1	844	1
13	8	20	1	851	4
13	8	21	1	866	5
13	8	22	1	859	1
13	8	24	1	840	4
13	8	25	1	848	5
13	8	26	1	856	6
13	8	27	1	855	3
13	8	29	1	843	7
13	8	30	1	851	1
13	8	31	1	872	3
13	8	32	1	844	8
13	8	33	1	856	10
13	8	35	1	852	3
13	9	0	1	866	5
13	9	1	1	870	4
13	9	2	1	873	3
13	9	3	1	866	2
13	9	4	1	863	2
13	9	5	1	869	1
13	9	6	1	888	4
13	9	7	1	875	2
13	9	8	1	874	1
13	9	9	1	862	3
13	9	10	1	881	3
13	9	11	1	873	4
13	9	12	1	855	2
13	9	13	1	872	4
13	9	14	1	879	5
13	9	15	1	859	9
13	9	16	1	873	4
13	9	17	1	873	5
13	9	18	1	876	5
13	9	19	1	870	5
13	9	20	1	860	4
13	9	21	1	864	6
13	9	22	1	872	6
13	9	23	1	868	4
13	9	24	1	850	3
13	9	25	1	868	5
13	9	26	1	870	7
13	9	27	1	857	3
13	9	30	1	861	2
13	9	31	1	868	5
13	9	32	1	858	4
13	9	33	1	860	2
13	9	34	1	856	5
13	9	35	1	861	5
13	10	1	1	889	1
13	10	2	1	888	1
13	10	3	1	887	1
13	10	4	1	877	1
13	10	5	1	877	1
13	10	7	1	867	1
13	10	8	1	873	1
13	10	9	1	872	1
13	10	10	1	858	4
13	10	11	1	873	1
13	10	13	1	877	1
13	10	14	1	876	1
13	10	15	1	866	4
13	10	16	1	874	5
13	10	17	1	882	1
13	10	18	1	883	1
13	10	19	1	872	1
13	10	20	1	877	9
13	10	21	1	859	4
13	10	22	1	867	1
13	10	23	1	873	1
13	10	24	1	870	1
13	10	25	1	871	9
13	10	26	1	877	1
13	10	27	1	882	7
13	10	28	1	871	13
13	10	29	1	867	6
13	10	30	1	860	1
13	10	31	1	879	3
13	10	32	1	879	3
13	10	33	1	872	1
13	10	35	1	869	1
13	11	0	1	809	11
13	11	1	1	816	13
13	11	2	1	804	13
13	11	3	1	826	4
13	11	4	1	809	16
13	11	5	1	821	5
13	11	6	1	818	4
13	11	7	1	803	17
13	11	8	1	808	9
13	11	9	1	828	4
13	11	10	1	806	9
13	11	11	1	825	4
13	11	12	1	831	6
13	11	13	1	818	1
13	11	14	1	820	3
13	11	15	1	824	2
13	11	16	1	818	5
13	11	17	1	821	4
13	11	18	1	816	10
13	11	19	1	831	8
13	11	20	1	819	5
13	11	21	1	823	8
13	11	22	1	816	4
13	11	23	1	820	6
13	11	24	1	818	3
13	11	25	1	814	6
13	11	26	1	812	6
13	11	27	1	820	4
13	11	28	1	814	6
13	11	29	1	818	1
13	11	30	1	810	2
13	11	31	1	813	2
13	11	32	1	818	3
13	11	33	1	805	2
13	11	34	1	812	2
13	11	35	1	810	3
13	12	0	1	887	8
13	12	1	1	900	19
13	12	2	1	910	5
13	12	3	1	901	4
13	12	4	1	894	4
13	12	6	1	892	3
13	12	7	1	875	7
13	12	8	1	868	2
13	12	9	1	903	5
13	12	10	1	900	4
13	12	11	1	898	1
13	12	12	1	891	9
13	12	13	1	893	6
13	12	14	1	879	4
13	12	15	1	902	3
13	12	16	1	895	9
13	12	17	1	898	6
13	12	18	1	883	8
13	12	19	1	901	4
13	12	20	1	901	1
13	12	21	1	888	7
13	12	22	1	903	2
13	12	23	1	904	1
13	12	24	1	887	17
13	12	25	1	883	3
13	12	26	1	895	6
13	12	27	1	890	6
13	12	28	1	901	3
13	12	29	1	900	8
13	12	30	1	900	7
13	12	31	1	898	2
13	12	32	1	880	4
13	12	33	1	888	6
13	12	35	1	888	6
13	13	0	1	837	1
13	13	1	1	847	7
13	13	2	1	844	1
13	13	3	1	848	7
13	13	4	1	844	2
13	13	5	1	844	4
13	13	6	1	839	2
13	13	7	1	836	3
13	13	8	1	842	8
13	13	9	1	843	3
13	13	10	1	848	1
13	13	11	1	850	1
13	13	14	1	844	3
13	13	16	1	843	3
13	13	18	1	834	6
13	13	19	1	831	5
13	13	20	1	844	1
13	13	21	1	848	2
13	13	22	1	831	2
13	13	23	1	851	1
13	13	24	1	831	7
13	13	25	1	844	2
13	13	26	1	833	3
13	13	27	1	838	2
13	13	28	1	841	2
13	13	29	1	836	4
13	13	30	1	824	8
13	13	31	1	841	3
13	13	32	1	823	7
13	13	33	1	843	17
13	13	34	1	841	2
13	13	35	1	835	2
13	14	0	1	881	4
13	14	1	1	867	1
13	14	2	1	880	2
13	14	3	1	875	1
13	14	4	1	867	1
13	14	5	1	880	1
13	14	6	1	891	3
13	14	7	1	879	4
13	14	8	1	878	10
13	14	9	1	875	1
13	14	10	1	879	1
13	14	11	1	878	13
13	14	12	1	883	20
13	14	13	1	871	8
13	14	14	1	883	9
13	14	15	1	873	12
13	14	16	1	875	2
13	14	17	1	870	10
13	14	18	1	886	6
13	14	19	1	875	3
13	14	21	1	857	13
13	14	22	1	886	1
13	14	23	1	876	3
13	14	24	1	881	3
13	14	25	1	872	1
13	14	26	1	880	4
13	14	27	1	874	1
13	14	28	1	883	2
13	14	29	1	874	16
13	14	30	1	883	2
13	14	31	1	879	1
13	14	32	1	879	5
13	14	33	1	875	2
13	14	34	1	878	3
13	14	35	1	877	8
13	15	0	1	897	4
13	15	1	1	888	4
13	15	2	1	870	12
13	15	3	1	883	1
13	15	4	1	896	23
13	15	5	1	886	1
13	15	6	1	885	6
13	15	7	1	897	1
13	15	8	1	889	6
13	15	9	1	902	1
13	15	10	1	883	15
13	15	11	1	886	1
13	15	12	1	902	3
13	15	13	1	902	4
13	15	14	1	896	1
13	15	15	1	884	23
13	15	16	1	883	2
13	15	17	1	908	1
13	15	18	1	891	7
13	15	19	1	895	3
13	15	20	1	892	1
13	15	21	1	899	1
13	15	22	1	893	1
13	15	23	1	895	17
13	15	24	1	891	1
13	15	25	1	891	1
13	15	26	1	892	5
13	15	27	1	898	8
13	15	28	1	903	7
13	15	29	1	890	1
13	15	30	1	890	2
13	15	31	1	880	6
13	15	32	1	906	2
13	15	33	1	901	5
13	15	34	1	892	1
13	15	35	1	888	1
14	0	0	1	996	9
14	0	1	1	979	7
14	0	2	1	977	13
14	0	3	1	979	10
14	0	4	1	994	5
14	0	5	1	987	1
14	0	6	1	999	3
14	0	7	1	991	4
14	0	8	1	993	7
14	0	9	1	978	17
14	0	10	1	994	5
14	0	11	1	1001	1
14	0	12	1	997	1
14	0	13	1	1011	1
14	0	14	1	990	6
14	0	15	1	993	8
14	0	16	1	981	1
14	0	18	1	988	11
14	0	19	1	990	7
14	0	20	1	981	9
14	0	21	1	989	1
14	0	22	1	1009	1
14	0	24	1	975	1
14	0	25	1	995	1
14	0	26	1	973	1
14	0	27	1	979	1
14	0	28	1	982	1
14	0	29	1	991	1
14	0	30	1	1004	1
14	0	31	1	993	1
14	0	32	1	996	1
14	0	33	1	973	1
14	0	34	1	995	1
14	1	0	1	837	1
14	1	1	1	829	2
14	1	2	1	832	5
14	1	3	1	839	8
14	1	4	1	845	8
14	1	5	1	837	12
14	1	6	1	853	3
14	1	7	1	827	2
14	1	8	1	846	3
14	1	9	1	834	3
14	1	10	1	833	2
14	1	11	1	843	9
14	1	12	1	852	2
14	1	13	1	838	1
14	1	14	1	835	1
14	1	15	1	837	11
14	1	16	1	836	12
14	1	18	1	840	4
14	1	19	1	831	8
14	1	20	1	835	6
14	1	21	1	847	7
14	1	22	1	844	11
14	1	23	1	841	4
14	1	24	1	839	3
14	1	25	1	824	3
14	1	26	1	840	9
14	1	27	1	838	3
14	1	28	1	833	14
14	1	29	1	831	13
14	1	30	1	819	16
14	1	31	1	837	4
14	1	32	1	828	13
14	1	33	1	833	1
14	1	34	1	807	35
14	1	35	1	833	1
14	2	0	1	931	1
14	2	1	1	922	7
14	2	2	1	935	7
14	2	3	1	937	5
14	2	4	1	928	7
14	2	5	1	934	1
14	2	6	1	937	10
14	2	7	1	924	1
14	2	8	1	938	8
14	2	9	1	925	13
14	2	10	1	932	4
14	2	11	1	943	3
14	2	12	1	928	3
14	2	13	1	923	4
14	2	14	1	930	5
14	2	15	1	924	4
14	2	16	1	940	4
14	2	17	1	940	4
14	2	18	1	924	2
14	2	19	1	905	20
14	2	20	1	936	1
14	2	21	1	935	7
14	2	22	1	927	17
14	2	23	1	934	1
14	2	24	1	851	76
14	2	25	1	937	6
14	2	26	1	930	1
14	2	27	1	929	9
14	2	28	1	930	3
14	2	29	1	931	1
14	2	30	1	917	1
14	2	31	1	906	4
14	2	32	1	912	5
14	2	33	1	920	10
14	2	34	1	918	9
14	2	35	1	919	7
14	3	0	1	859	2
14	3	1	1	853	5
14	3	2	1	865	4
14	3	3	1	855	2
14	3	4	1	852	5
14	3	5	1	860	3
14	3	6	1	849	11
14	3	7	1	858	6
14	3	8	1	864	9
14	3	9	1	859	4
14	3	10	1	868	8
14	3	11	1	859	3
14	3	12	1	854	4
14	3	13	1	854	3
14	3	14	1	856	3
14	3	15	1	863	2
14	3	16	1	860	5
14	3	17	1	861	3
14	3	18	1	858	6
14	3	19	1	866	2
14	3	20	1	873	7
14	3	21	1	855	2
14	3	22	1	859	6
14	3	23	1	862	1
14	3	24	1	874	4
14	3	25	1	853	6
14	3	26	1	852	1
14	3	27	1	862	6
14	3	28	1	862	5
14	3	29	1	857	1
14	3	30	1	853	11
14	3	31	1	849	3
14	3	32	1	860	6
14	3	33	1	850	5
14	3	34	1	859	9
14	3	35	1	875	6
14	4	0	1	934	4
14	4	1	1	948	5
14	4	2	1	936	1
14	4	3	1	924	1
14	4	4	1	934	6
14	4	5	1	932	4
14	4	6	1	949	9
14	4	7	1	945	1
14	4	8	1	925	8
14	4	9	1	940	4
14	4	10	1	934	3
14	4	11	1	942	3
14	4	12	1	929	5
14	4	13	1	920	5
14	4	14	1	929	1
14	4	15	1	934	12
14	4	16	1	933	3
14	4	17	1	941	3
14	4	18	1	931	1
14	4	19	1	931	2
14	4	20	1	931	1
14	4	21	1	932	5
14	4	22	1	941	10
14	4	23	1	947	9
14	4	24	1	931	3
14	4	25	1	914	12
14	4	26	1	930	3
14	4	27	1	920	5
14	4	28	1	933	1
14	4	29	1	940	3
14	4	30	1	923	1
14	4	31	1	922	1
14	4	32	1	942	11
14	4	33	1	927	15
14	4	34	1	935	12
14	4	35	1	915	2
14	5	0	1	906	6
14	5	1	1	928	7
14	5	2	1	916	1
14	5	3	1	918	2
14	5	4	1	922	3
14	5	5	1	911	2
14	5	6	1	917	4
14	5	7	1	934	6
14	5	8	1	928	4
14	5	9	1	934	1
14	5	10	1	901	5
14	5	11	1	913	4
14	5	12	1	916	1
14	5	13	1	909	5
14	5	14	1	918	7
14	5	15	1	917	1
14	5	16	1	907	6
14	5	18	1	915	1
14	5	19	1	918	5
14	5	20	1	918	7
14	5	21	1	921	3
14	5	22	1	912	5
14	5	23	1	913	5
14	5	24	1	937	1
14	5	25	1	937	1
14	5	26	1	924	1
14	5	27	1	916	1
14	5	28	1	923	1
14	5	29	1	917	1
14	5	30	1	915	1
14	5	31	1	909	1
14	5	32	1	921	1
14	5	33	1	910	1
14	5	34	1	907	1
14	5	35	1	920	1
14	6	0	1	777	3
14	6	1	1	776	6
14	6	2	1	785	1
14	6	3	1	772	3
14	6	4	1	773	4
14	6	5	1	784	4
14	6	6	1	759	2
14	6	7	1	773	3
14	6	8	1	781	3
14	6	9	1	781	4
14	6	10	1	788	6
14	6	11	1	774	3
14	6	12	1	769	5
14	6	13	1	786	1
14	6	14	1	775	3
14	6	15	1	773	2
14	6	16	1	792	2
14	6	17	1	793	3
14	6	18	1	781	1
14	6	19	1	775	6
14	6	20	1	780	1
14	6	21	1	776	3
14	6	22	1	785	5
14	6	23	1	783	5
14	6	24	1	781	4
14	6	25	1	776	1
14	6	26	1	780	4
14	6	27	1	789	1
14	6	28	1	767	3
14	6	29	1	774	1
14	6	30	1	776	3
14	6	31	1	760	1
14	6	32	1	783	3
14	6	33	1	776	2
14	6	34	1	767	3
14	6	35	1	775	1
14	7	0	1	845	1
14	7	1	1	842	1
14	7	2	1	845	12
14	7	3	1	845	1
14	7	4	1	847	5
14	7	5	1	847	1
14	7	6	1	855	4
14	7	9	1	846	6
14	7	10	1	845	6
14	7	11	1	850	3
14	7	12	1	858	5
14	7	13	1	864	3
14	7	14	1	857	2
14	7	15	1	869	2
14	7	16	1	848	1
14	7	17	1	868	1
14	7	18	1	854	2
14	7	19	1	847	2
14	7	20	1	853	10
14	7	21	1	855	2
14	7	22	1	858	1
14	7	23	1	849	1
14	7	24	1	850	2
14	7	25	1	841	2
14	7	26	1	847	6
14	7	27	1	860	1
14	7	28	1	843	3
14	7	29	1	844	1
14	7	30	1	847	1
14	7	31	1	845	1
14	7	32	1	849	12
14	7	33	1	844	3
14	7	34	1	845	1
14	7	35	1	828	1
14	8	0	1	928	9
14	8	1	1	915	6
14	8	2	1	931	10
14	8	3	1	930	3
14	8	4	1	909	23
14	8	5	1	931	7
14	8	6	1	925	6
14	8	7	1	933	16
14	8	8	1	924	1
14	8	9	1	928	2
14	8	10	1	915	32
14	8	11	1	922	14
14	8	12	1	935	3
14	8	13	1	930	3
14	8	14	1	929	18
14	8	15	1	912	20
14	8	16	1	937	3
14	8	17	1	926	20
14	8	18	1	935	4
14	8	19	1	927	7
14	8	20	1	931	8
14	8	21	1	920	1
14	8	22	1	914	15
14	8	23	1	933	1
14	8	24	1	944	1
14	8	25	1	928	14
14	8	26	1	923	8
14	8	27	1	932	3
14	8	28	1	926	14
14	8	29	1	943	1
14	8	30	1	939	9
14	8	31	1	934	6
14	8	32	1	934	5
14	8	33	1	932	5
14	8	34	1	911	11
14	8	35	1	918	1
14	9	0	1	841	3
14	9	1	1	833	3
14	9	2	1	843	5
14	9	3	1	847	2
14	9	4	1	841	5
14	9	5	1	844	4
14	9	6	1	839	1
14	9	7	1	830	3
14	9	8	1	827	5
14	9	9	1	842	9
14	9	10	1	832	10
14	9	11	1	835	1
14	9	12	1	851	10
14	9	13	1	840	2
14	9	14	1	844	7
14	9	15	1	824	3
14	9	16	1	828	8
14	9	18	1	846	2
14	9	19	1	831	4
14	9	20	1	834	5
14	9	21	1	848	2
14	9	22	1	825	6
14	9	23	1	833	4
14	9	24	1	843	3
14	9	25	1	845	6
14	9	26	1	821	4
14	9	27	1	836	5
14	9	28	1	830	3
14	9	29	1	831	5
14	9	30	1	820	2
14	9	31	1	835	2
14	9	32	1	838	5
14	9	33	1	829	4
14	9	34	1	837	3
14	9	35	1	831	5
14	10	1	1	970	7
14	10	2	1	975	6
14	10	3	1	969	4
14	10	4	1	974	4
14	10	7	1	974	1
14	10	8	1	968	1
14	10	9	1	973	3
14	10	10	1	974	3
14	10	11	1	974	3
14	10	13	1	970	4
14	10	14	1	976	1
14	10	15	1	954	17
14	10	16	1	973	3
14	10	17	1	971	4
14	10	18	1	970	7
14	10	19	1	975	1
14	10	20	1	966	10
14	10	21	1	988	7
14	10	22	1	976	8
14	10	23	1	965	2
14	10	24	1	977	4
14	10	25	1	975	1
14	10	26	1	982	14
14	10	27	1	960	9
14	10	28	1	971	4
14	10	29	1	979	3
14	10	30	1	967	4
14	10	31	1	976	7
14	10	32	1	973	22
14	10	33	1	970	6
14	10	34	1	967	2
14	11	0	1	928	2
14	11	1	1	921	4
14	11	2	1	899	15
14	11	3	1	920	1
14	11	4	1	922	1
14	11	5	1	921	1
14	11	6	1	921	8
14	11	7	1	923	1
14	11	8	1	928	6
14	11	9	1	930	6
14	11	10	1	926	2
14	11	11	1	919	1
14	11	13	1	911	5
14	11	14	1	934	9
14	11	15	1	925	5
14	11	16	1	934	6
14	11	17	1	919	5
14	11	18	1	911	6
14	11	19	1	914	3
14	11	20	1	925	8
14	11	21	1	929	11
14	11	22	1	915	7
14	11	23	1	924	3
14	11	24	1	925	2
14	11	25	1	909	1
14	11	26	1	925	5
14	11	27	1	924	6
14	11	28	1	929	2
14	11	29	1	926	2
14	11	30	1	920	4
14	11	32	1	914	1
14	11	33	1	924	5
14	11	34	1	920	3
14	11	35	1	909	2
14	12	0	1	913	4
14	12	1	1	922	3
14	12	2	1	903	13
14	12	3	1	907	7
14	12	4	1	926	2
14	12	6	1	905	8
14	12	7	1	911	9
14	12	8	1	925	4
14	12	9	1	905	5
14	12	10	1	915	6
14	12	11	1	908	2
14	12	12	1	915	7
14	12	13	1	922	8
14	12	14	1	916	14
14	12	15	1	916	4
14	12	16	1	894	6
14	12	17	1	915	3
14	12	18	1	909	5
14	12	19	1	924	5
14	12	20	1	905	1
14	12	21	1	923	6
14	12	22	1	910	1
14	12	23	1	924	3
14	12	24	1	909	5
14	12	25	1	894	5
14	12	26	1	913	2
14	12	27	1	904	7
14	12	28	1	911	1
14	12	29	1	913	3
14	12	30	1	915	6
14	12	31	1	918	4
14	12	32	1	909	6
14	12	33	1	909	2
14	12	34	1	911	5
14	12	35	1	919	8
14	13	0	1	953	1
14	13	1	1	940	1
14	13	2	1	939	10
14	13	3	1	934	13
14	13	4	1	955	4
14	13	5	1	937	2
14	13	6	1	940	1
14	13	7	1	931	8
14	13	8	1	924	7
14	13	9	1	939	8
14	13	10	1	923	10
14	13	11	1	941	1
14	13	12	1	926	1
14	13	13	1	930	5
14	13	14	1	928	1
14	13	15	1	942	4
14	13	16	1	921	3
14	13	18	1	934	7
14	13	19	1	928	3
14	13	20	1	934	4
14	13	21	1	937	10
14	13	22	1	944	2
14	13	23	1	938	7
14	13	24	1	935	4
14	13	25	1	927	20
14	13	26	1	950	1
14	13	27	1	942	3
14	13	29	1	947	1
14	13	30	1	930	15
14	13	31	1	935	6
14	13	33	1	932	7
14	13	34	1	933	1
14	13	35	1	938	7
14	14	0	1	868	1
14	14	1	1	881	2
14	14	2	1	870	8
14	14	3	1	873	5
14	14	4	1	876	1
14	14	5	1	873	1
14	14	6	1	862	7
14	14	7	1	863	2
14	14	8	1	864	1
14	14	9	1	875	1
14	14	10	1	875	2
14	14	11	1	872	2
14	14	12	1	883	1
14	14	13	1	871	3
14	14	14	1	868	1
14	14	15	1	866	3
14	14	16	1	861	2
14	14	17	1	861	10
14	14	18	1	873	6
14	14	19	1	868	2
14	14	20	1	887	5
14	14	21	1	863	15
14	14	22	1	876	1
14	14	23	1	876	8
14	14	24	1	875	1
14	14	25	1	859	2
14	14	26	1	872	1
14	14	27	1	868	1
14	14	28	1	861	2
14	14	29	1	882	3
14	14	30	1	862	1
14	14	31	1	861	2
14	14	32	1	870	1
14	14	33	1	856	4
14	14	34	1	866	5
14	14	35	1	864	1
14	15	0	1	881	4
14	15	1	1	889	2
14	15	2	1	886	1
14	15	3	1	889	1
14	15	4	1	881	1
14	15	5	1	879	1
14	15	6	1	898	3
14	15	7	1	879	3
14	15	8	1	893	5
14	15	9	1	878	1
14	15	10	1	883	1
14	15	11	1	880	1
14	15	12	1	879	1
14	15	13	1	877	2
14	15	14	1	876	6
14	15	15	1	882	1
14	15	16	1	888	1
14	15	17	1	885	1
14	15	18	1	891	1
14	15	19	1	888	4
14	15	20	1	894	4
14	15	21	1	893	3
14	15	22	1	881	4
14	15	23	1	887	1
14	15	24	1	880	1
14	15	25	1	888	2
14	15	26	1	885	5
14	15	27	1	892	5
14	15	28	1	869	2
14	15	29	1	878	1
14	15	30	1	879	1
14	15	31	1	863	5
14	15	32	1	891	1
14	15	33	1	898	3
14	15	34	1	879	8
14	15	35	1	888	6
