#Module 	 Chip 	 Chn 	 Mean 	 MeanError
1	129	0	240.732	1.94779
1	129	1	253.547	2.08286
1	129	2	260.096	2.13045
1	129	3	255.166	2.08075
1	129	4	250.014	2.04832
1	129	5	260.809	2.15565
1	129	6	266.535	2.21698
1	129	7	259.87	2.14898
1	129	8	258.506	2.12705
1	129	9	258.108	2.10015
1	129	10	255.46	2.1278
1	129	11	274.869	2.27104
1	129	12	255.369	2.08613
1	129	13	266.907	2.17074
1	129	14	255.006	2.10231
1	129	15	249.112	2.06011
1	129	16	258.045	2.11214
1	129	17	265.597	2.12431
1	129	18	255.423	2.09145
1	129	19	261.927	2.15627
1	129	20	258.787	2.094
1	129	21	260.781	2.14074
1	129	22	252.64	2.06076
1	129	23	261.096	2.13368
1	129	24	252.765	2.07
1	129	25	256.738	2.13492
1	129	26	268.299	2.17391
1	129	27	257.843	2.07399
1	129	28	261.005	2.13083
1	129	29	269.118	2.27949
1	129	30	252.119	2.10518
1	129	31	259.128	2.13555
1	129	32	261.308	2.1546
1	129	33	263.501	2.14597
1	129	34	259.369	2.10523
1	129	35	246.822	2.0396
1	130	0	212.916	3.55703
1	130	1	215.66	3.56409
1	130	2	230.776	3.91284
1	130	3	221.26	3.65248
1	130	4	213.554	3.42533
1	130	5	222.032	3.61025
1	130	6	234.804	3.88831
1	130	7	228.062	3.68582
1	130	8	217.386	3.56561
1	130	9	229.025	3.68042
1	130	10	219.395	3.66074
1	130	11	213.097	3.43772
1	130	12	213.194	3.43956
1	130	13	222.378	3.5786
1	130	14	224.709	3.71851
1	130	15	223.113	3.70246
1	130	16	226.786	3.59804
1	130	17	217.662	3.63503
1	130	18	215.558	3.53768
1	130	19	219.387	3.52207
1	130	20	222.22	3.51715
1	130	21	218.999	3.55101
1	130	22	228.266	3.7163
1	130	23	216.314	3.52395
1	130	24	222.652	3.59303
1	130	25	209.136	3.35737
1	130	26	220.708	3.52323
1	130	27	228.27	3.73566
1	130	28	221.358	3.56387
1	130	29	233.607	3.87075
1	130	30	220.139	3.54943
1	130	31	221.106	3.7074
1	130	32	224.23	3.67061
1	130	33	222.107	3.54186
1	130	34	223.494	3.66495
1	130	35	226.089	3.68155
1	131	0	239.258	2.48383
1	131	1	243.32	2.49194
1	131	2	244.191	2.55494
1	131	3	241.823	2.46005
1	131	4	248.411	2.58488
1	131	5	255.42	2.61146
1	131	6	249.218	2.61007
1	131	7	242.499	2.59292
1	131	8	246.589	2.52481
1	131	9	243.336	2.50621
1	131	10	247.018	2.56315
1	131	11	242.827	2.49223
1	131	12	241.806	2.44694
1	131	13	235.552	2.38135
1	131	14	232.825	2.39685
1	131	15	242.997	2.52043
1	131	16	247.306	2.55972
1	131	17	242.203	2.49409
1	131	18	250.9	2.57169
1	131	19	250.273	2.57357
1	131	20	238.051	2.45632
1	131	21	237.251	2.51682
1	131	22	234.952	2.40222
1	131	23	229.109	2.35429
1	131	24	246.667	2.56816
1	131	25	244.457	2.56793
1	131	26	246.848	2.57149
1	131	27	238.552	2.41234
1	131	28	244.874	2.47372
1	131	29	246.799	2.52481
1	131	30	240.628	2.46231
1	131	31	251.102	2.57673
1	131	32	251.925	2.59603
1	131	33	243.52	2.51082
1	131	34	244.268	2.48314
1	131	35	248.572	2.71208
1	132	0	275.68	2.94532
1	132	1	279.315	2.92598
1	132	2	277.206	2.95771
1	132	3	286.716	3.00301
1	132	4	269.784	2.78945
1	132	5	277.227	2.85286
1	132	6	270.897	2.84037
1	132	7	288.534	3.06601
1	132	8	289.91	3.06527
1	132	9	284.394	2.95772
1	132	10	286.546	3.05103
1	132	11	285.987	2.94599
1	132	12	278.689	2.90102
1	132	13	280.805	2.9411
1	132	14	278.083	2.91218
1	132	15	286.758	2.98173
1	132	16	290.786	3.02144
1	132	17	275.761	2.86852
1	132	18	267.257	2.77022
1	132	19	279.451	2.92498
1	132	20	285.324	2.97462
1	132	21	290.55	3.02513
1	132	22	279.593	2.89813
1	132	23	283.345	2.9471
1	132	24	272.898	2.83832
1	132	25	282.798	2.9923
1	132	26	278.375	2.90079
1	132	27	284.029	3.00444
1	132	28	286.041	2.97141
1	132	29	286.012	2.96687
1	132	30	282.792	2.95943
1	132	31	270.855	2.86424
1	132	32	284.356	2.95234
1	132	33	278.769	2.89363
1	132	34	285.998	3.0288
1	132	35	274.489	2.86629
2	137	0	272.607	4.88362
2	137	1	283.553	5.24707
2	137	2	274.735	5.00924
2	137	3	287.474	5.68609
2	137	4	280.831	5.12882
2	137	5	272.653	4.9412
2	137	6	270.516	5.04917
2	137	7	277.827	5.0985
2	137	8	276.113	4.82236
2	137	9	268.668	4.79386
2	137	10	276.857	4.96395
2	137	11	283.66	4.99489
2	137	12	278.683	4.73504
2	137	13	272.048	4.79143
2	137	14	271.061	4.93182
2	137	15	280.14	5.19247
2	137	16	271.524	4.75909
2	137	17	273.987	4.64054
2	137	18	273.978	4.69499
2	137	19	271.503	4.96757
2	137	20	274.665	4.53988
2	137	21	278.468	5.00033
2	137	22	278.372	4.92824
2	137	23	271.745	4.76007
2	137	24	282.371	4.91448
2	137	25	277.255	5.01329
2	137	26	274.831	4.93718
2	137	27	278.475	4.97444
2	137	28	277.933	5.24231
2	137	29	272.993	4.73091
2	137	30	263.927	4.65202
2	137	31	262.592	4.73591
2	137	32	272.981	4.91002
2	137	33	272.416	4.86734
2	137	34	287.122	5.29936
2	137	35	263.445	4.64412
2	138	0	284.381	6.00206
2	138	1	289.432	5.89718
2	138	2	280.663	5.75827
2	138	3	274.534	5.47167
2	138	4	278.449	5.73336
2	138	5	272.78	5.50664
2	138	6	271.259	5.62319
2	138	7	276.429	5.64837
2	138	8	280.547	5.80035
2	138	9	290.795	6.07407
2	138	10	279.494	5.98579
2	138	11	289.06	6.1128
2	138	12	284.876	6.00134
2	138	13	290.932	6.09532
2	138	14	288.815	5.80834
2	138	15	287.347	5.95032
2	138	16	284.669	5.98971
2	138	17	279.984	5.72384
2	138	18	281.62	5.83231
2	138	19	278.616	5.92834
2	138	20	301.7	6.4322
2	138	21	287.778	6.06493
2	138	22	282.195	5.93227
2	138	23	293.719	6.23323
2	138	24	278.251	4.27432
2	138	25	273.909	4.36254
2	138	26	282.654	4.35189
2	138	27	295.911	4.51779
2	138	28	284.437	6.0003
2	138	29	271.546	5.56083
2	138	30	276.773	5.83884
2	138	31	280.591	5.88655
2	138	32	288.775	6.03705
2	138	33	274.383	5.88636
2	138	34	282.608	5.96339
2	138	35	285.827	4.39857
2	139	0	292.366	6.24168
2	139	1	295.199	6.39394
2	139	2	304.175	7.34224
2	139	3	283.057	5.93259
2	139	4	278	6.06161
2	139	5	288.551	5.77818
2	139	6	298.88	6.0731
2	139	7	283.682	5.5982
2	139	8	294.88	6.08612
2	139	9	300.63	6.04219
2	139	10	292.03	6.32474
2	139	11	292.694	5.80083
2	139	12	294.031	5.9788
2	139	13	289.692	5.9737
2	139	14	272.975	5.34392
2	139	15	292.559	6.40533
2	139	16	296.634	6.0527
2	139	17	286.968	5.57364
2	139	18	298.385	6.29546
2	139	19	288.9	6.21292
2	139	20	294.135	6.30903
2	139	21	303.422	6.39093
2	139	22	297.487	6.739
2	139	23	289.31	6.52537
2	139	24	281.275	5.66187
2	139	25	289.473	6.01979
2	139	26	301.574	6.63413
2	139	27	285.444	5.90504
2	139	28	294.607	6.00147
2	139	29	287.883	5.76449
2	139	30	294.893	6.34604
2	139	31	283.459	5.69685
2	139	32	293.944	6.47684
2	139	33	288.695	6.25177
2	139	34	295.308	6.25734
2	139	35	290.508	6.03849
2	140	0	269.805	5.57081
2	140	1	249.516	4.97241
2	140	2	257.175	4.88673
2	140	3	261.069	5.09248
2	140	4	255.44	5.02967
2	140	5	236.972	4.45031
2	140	6	260.788	5.08162
2	140	7	255.167	5.01799
2	140	8	266.35	5.75657
2	140	9	254.199	3.81635
2	140	10	254.508	5.40141
2	140	11	252.168	5.00777
2	140	12	263.67	5.18281
2	140	13	259.608	5.15578
2	140	14	252.673	4.9504
2	140	15	242.518	4.68882
2	140	16	258.695	4.96731
2	140	17	252.76	4.80544
2	140	18	255.459	4.87514
2	140	19	249.574	4.8813
2	140	20	259.052	5.02289
2	140	21	257.351	5.02508
2	140	22	257.947	5.07951
2	140	23	255.874	5.03008
2	140	24	255.951	4.90707
2	140	25	264.403	5.10775
2	140	26	255.87	4.86129
2	140	27	268.506	5.14652
2	140	28	255.243	4.84695
2	140	29	245.45	4.81427
2	140	30	262.319	5.17283
2	140	31	247.711	4.71746
2	140	32	264.325	5.19089
2	140	33	258.702	5.15765
2	140	34	268.176	5.65242
2	140	35	246.283	4.79829
10	141	0	273.489	4.4745
10	141	1	286.252	4.81674
10	141	2	279.214	4.60852
10	141	3	285.363	4.78853
10	141	4	291.428	4.75375
10	141	5	292.786	4.77703
10	141	6	293.674	4.82058
10	141	7	274.798	4.7409
10	141	8	282.288	4.66126
10	141	9	288.616	4.87682
10	141	10	266.832	4.49289
10	141	11	276.254	4.41833
10	141	12	282.904	4.69897
10	141	13	283.799	4.76265
10	141	14	280.249	4.70184
10	141	15	276.732	4.46292
10	141	16	291.315	4.83818
10	141	17	273.606	4.47948
10	141	18	297.531	4.86216
10	141	19	290.233	4.85911
10	141	20	280.519	4.61909
10	141	21	281.976	4.72021
10	141	22	286.775	4.87021
10	141	23	297.249	5.0757
10	141	24	296.465	4.93554
10	141	25	292.867	4.92191
10	141	26	271.183	4.5565
10	141	27	296.301	5.04342
10	141	28	287.222	4.72436
10	141	29	283.252	4.40958
10	141	30	284.172	4.71411
10	141	31	271.743	4.46589
10	141	32	282.712	4.63951
10	141	33	293.791	5.11123
10	141	34	295.239	4.92448
10	141	35	291.216	4.84493
10	142	0	278.454	5.30199
10	142	1	264.372	5.04333
10	142	2	261.797	4.8961
10	142	3	263.979	5.0822
10	142	4	261.143	4.97242
10	142	5	274.065	5.57893
10	142	6	277.023	5.29412
10	142	7	268.11	5.34846
10	142	8	268.71	5.12845
10	142	9	273.07	5.2252
10	142	10	254.285	4.82596
10	142	11	276.108	5.27778
10	142	12	268.256	5.2877
10	142	13	266.164	5.12421
10	142	14	261.655	4.88578
10	142	15	259.549	4.97001
10	142	16	264.59	4.97927
10	142	17	265.944	5.11844
10	142	18	261.257	4.97635
10	142	19	266.171	4.51087
10	142	20	273.281	5.21181
10	142	21	267.891	5.17818
10	142	22	266.569	5.30717
10	142	23	274.261	5.52487
10	142	24	256.489	4.76976
10	142	25	270.095	5.04866
10	142	26	262.19	5.07207
10	142	27	263.563	4.94512
10	142	28	262.272	5.16111
10	142	29	277.018	5.13771
10	142	30	265.183	5.26511
10	142	31	265.648	5.10302
10	142	32	274.775	5.21796
10	142	33	259.39	4.86347
10	142	34	273.67	5.38347
10	142	35	268.304	5.09366
10	143	0	277.455	5.5706
10	143	1	280.999	3.75275
10	143	2	267.67	3.51728
10	143	3	272.032	3.5343
10	143	4	278.597	5.65167
10	143	5	281.618	3.62698
10	143	6	266.165	5.5116
10	143	7	279.238	3.86731
10	143	8	283.266	3.86629
10	143	9	273.386	3.71655
10	143	10	271.064	5.50284
10	143	11	275.217	3.4771
10	143	12	277.128	5.87274
10	143	13	288.185	6.08172
10	143	14	282.727	3.88888
10	143	15	279.266	5.65603
10	143	16	277.344	3.64765
10	143	17	270.322	3.75159
10	143	18	275.14	5.35338
10	143	19	282.758	3.80267
10	143	20	290.671	5.89049
10	143	21	279.357	5.66534
10	143	22	281.149	4.05878
10	143	23	278.486	3.64159
10	143	24	276.921	3.45549
10	143	25	292.77	4.04753
10	143	26	287.292	5.72189
10	143	27	286.948	4.17678
10	143	28	278.346	3.94799
10	143	29	268.956	5.31817
10	143	30	284.566	3.69628
10	143	31	277.452	3.69749
10	143	32	292.803	5.80501
10	143	33	282.997	3.65183
10	143	34	275.533	3.7698
10	143	35	274.908	3.63312
10	144	0	256.228	4.74574
10	144	1	252.23	4.66525
10	144	2	267.885	5.34645
10	144	3	252.767	4.65882
10	144	4	261.683	4.76687
10	144	5	257.508	4.70153
10	144	6	267.841	4.9574
10	144	7	263.178	4.80313
10	144	8	264.639	4.82257
10	144	9	274.688	5.04434
10	144	10	262.775	4.80895
10	144	11	255.271	4.66208
10	144	12	264.034	4.82002
10	144	13	260.631	4.80065
10	144	14	253.209	4.71677
10	144	15	257.576	4.78539
10	144	16	258.291	4.78603
10	144	17	269.247	4.94177
10	144	18	244.737	4.47774
10	144	19	272.342	5.0876
10	144	20	268.441	5.04912
10	144	21	259.656	4.8519
10	144	22	256.642	4.76101
10	144	23	255.927	4.73068
10	144	24	258.531	4.86023
10	144	25	270.931	5.13886
10	144	26	264.036	4.81646
10	144	27	267.299	5.04176
10	144	28	246.433	4.52077
10	144	29	262.373	4.86214
10	144	30	269.895	5.10228
10	144	31	263.574	4.99023
10	144	32	268.893	5.1051
10	144	33	268.153	4.99553
10	144	34	266.251	4.92714
10	144	35	257.723	4.65239
9	145	0	239.605	2.0604
9	145	1	247.707	2.4892
9	145	2	239.062	2.16073
9	145	3	237.365	2.15566
9	145	4	240.863	2.18973
9	145	5	239.02	2.07316
9	145	6	239.216	2.29088
9	145	7	256.06	2.82475
9	145	8	245.017	2.19705
9	145	9	243.644	2.21659
9	145	10	246.85	2.27576
9	145	11	239.793	2.15436
9	145	12	254.581	2.3024
9	145	13	241.187	2.22117
9	145	14	239.233	2.2458
9	145	15	237.241	2.14654
9	145	16	234.903	2.09688
9	145	17	244.53	2.17944
9	145	18	245.368	2.21162
9	145	19	244.878	2.18969
9	145	20	243.529	2.16386
9	145	21	243.353	2.18088
9	145	22	234.033	2.10387
9	145	23	237.58	2.13494
9	145	24	240.065	2.14557
9	145	25	236.972	2.11495
9	145	26	238.377	2.1147
9	145	27	249.057	2.24075
9	145	28	235.504	2.07618
9	145	29	234.854	2.08479
9	145	30	246.287	2.22591
9	145	31	235.575	2.12397
9	145	32	238.18	2.14368
9	145	33	242.939	2.17657
9	145	34	235.976	2.09972
9	145	35	247.009	2.22102
9	146	0	261.826	3.9224
9	146	1	259.016	3.9932
9	146	2	268.145	4.17686
9	146	3	248.24	3.69648
9	146	4	275.614	4.36192
9	146	5	258.256	4.87628
9	146	6	251.3	4.81493
9	146	7	262.112	3.97473
9	146	8	273.396	4.28981
9	146	9	283.91	4.35161
9	146	10	251.585	4.67589
9	146	11	263.347	4.14902
9	146	12	264.709	4.03075
9	146	13	273.93	4.11379
9	146	14	264.059	3.87448
9	146	15	277.048	4.18802
9	146	16	263.085	4.01575
9	146	17	270.478	4.09046
9	146	18	266.801	3.90343
9	146	19	252.106	4.7306
9	146	20	262.263	3.90855
9	146	21	266.034	4.01186
9	146	22	268.362	4.00845
9	146	23	265.856	3.91983
9	146	24	253.966	3.81294
9	146	25	264.955	3.80174
9	146	26	278.565	4.14716
9	146	27	274.244	4.14268
9	146	28	249.907	3.66441
9	146	29	248.387	3.62439
9	146	30	255.102	4.77748
9	146	31	261.398	3.87033
9	146	32	264.814	3.88374
9	146	33	268.584	3.8549
9	146	34	260.127	3.90133
9	146	35	256.348	4.81618
9	147	0	246.527	1.10698
9	147	1	246.362	1.10632
9	147	2	249.857	1.12976
9	147	3	262.902	1.19538
9	147	4	264.726	1.20886
9	147	5	247.284	1.10873
9	147	6	251.22	1.12364
9	147	7	241.703	1.10603
9	147	8	265.083	1.19389
9	147	9	252.438	1.1375
9	147	10	253.245	1.13995
9	147	11	261.321	1.19614
9	147	12	257.84	1.1702
9	147	13	268.102	1.2302
9	147	14	252.85	1.15474
9	147	15	265.62	1.1927
9	147	16	264.557	1.2658
9	147	17	253.84	1.15323
9	147	18	271.489	1.22567
9	147	19	251.183	1.14832
9	147	20	254.194	1.11696
9	147	21	266.221	1.30507
9	147	22	255.205	1.20843
9	147	23	266.722	1.171
9	147	24	265.143	1.16482
9	147	25	260.962	1.17189
9	147	26	255.912	1.20142
9	147	27	254.616	1.16956
9	147	28	266.964	1.24197
9	147	29	267.541	1.17842
9	147	30	255.935	1.1643
9	147	31	262.732	1.19074
9	147	32	256.498	1.17159
9	147	33	262.377	1.2091
9	147	34	261.103	1.25025
9	147	35	260.753	1.27275
9	148	0	258.794	4.65565
9	148	1	260.886	4.7375
9	148	2	274.082	5.57468
9	148	3	262.234	5.29473
9	148	4	253.674	4.63707
9	148	5	271.812	4.94102
9	148	6	270.259	4.13607
9	148	7	276.317	4.21763
9	148	8	282.777	4.47058
9	148	9	283.433	4.74269
9	148	10	262.017	5.3206
9	148	11	279.29	5.48117
9	148	12	274.966	5.54381
9	148	13	272.976	4.09386
9	148	14	268.713	4.06182
9	148	15	286.886	4.42004
9	148	16	272.17	5.42983
9	148	17	270.887	5.41143
9	148	18	264.822	5.28504
9	148	19	289.514	4.44518
9	148	20	273.469	4.0348
9	148	21	283.599	5.79538
9	148	22	274.946	5.61549
9	148	23	261.201	5.27961
9	148	24	279.902	4.2858
9	148	25	262.22	4.12407
9	148	26	276.318	4.17099
9	148	27	264.971	5.34131
9	148	28	269.06	4.22401
9	148	29	259.628	5.26416
9	148	30	282.789	4.2758
9	148	31	270.858	4.10025
9	148	32	282.259	4.18171
9	148	33	274.686	4.14086
9	148	34	265.69	5.34326
9	148	35	257.922	5.22709
8	149	0	234.841	1.85144
8	149	1	234.18	1.82541
8	149	2	242.833	1.90817
8	149	3	235.712	1.80757
8	149	4	229.296	1.76329
8	149	5	227.208	1.73904
8	149	6	239.233	2.01812
8	149	7	239.694	1.8571
8	149	8	250.357	1.92455
8	149	9	235.272	1.84399
8	149	10	226.266	1.73553
8	149	11	224.654	1.73407
8	149	12	232.029	1.77604
8	149	13	242.335	1.99618
8	149	14	233.031	1.77436
8	149	15	233.524	1.76747
8	149	16	235.972	1.80222
8	149	17	238.703	1.80773
8	149	18	241.308	1.86746
8	149	19	237.887	1.80058
8	149	20	250.026	1.93223
8	149	21	244.402	1.86645
8	149	22	230.929	1.75005
8	149	23	234.177	1.80344
8	149	24	242.41	1.86371
8	149	25	237.086	1.82249
8	149	26	239.972	1.8355
8	149	27	235.92	1.90067
8	149	28	220.629	1.63394
8	149	29	233.525	1.77861
8	149	30	235.852	1.81611
8	149	31	237.584	1.83713
8	149	32	243.685	1.90308
8	149	33	236.686	1.82455
8	149	34	230.812	1.81961
8	149	35	229.435	1.74546
8	150	0	240.614	5.04015
8	150	1	250.023	3.98028
8	150	2	249.311	4.0899
8	150	3	239.43	4.08774
8	150	4	242.361	4.23906
8	150	5	239.01	3.91542
8	150	6	236.67	6.06525
8	150	7	236.323	3.79328
8	150	8	247.084	4.28858
8	150	9	234.867	3.33998
8	150	10	248.805	4.14131
8	150	11	249.88	4.10219
8	150	12	240.242	3.92397
8	150	13	248.589	4.38578
8	150	14	242.329	3.93545
8	150	15	244.136	4.33306
8	150	16	249.83	4.20912
8	150	17	241.613	3.77552
8	150	18	244.064	3.73285
8	150	19	241.7	3.83807
8	150	20	247.501	4.32472
8	150	21	240.101	5.68826
8	150	22	239.66	3.76176
8	150	23	254.979	4.02436
8	150	24	227.041	3.32028
8	150	25	232.798	3.56976
8	150	26	227.11	3.41672
8	150	27	236.264	3.81188
8	150	28	234.824	3.58841
8	150	29	237.187	3.71745
8	150	30	223.136	3.38506
8	150	31	239.506	3.74466
8	150	32	237.141	3.80395
8	150	33	233.657	3.59111
8	150	34	232.761	3.59135
8	150	35	225.143	3.40342
8	151	0	310.723	5.21282
8	151	1	319.222	5.89123
8	151	2	344.001	6.9244
8	151	3	334.118	6.66153
8	151	4	338.452	6.42378
8	151	5	268.19	3.91883
8	151	6	351.687	5.55299
8	151	7	268.908	4.69826
8	151	8	255.206	3.79489
8	151	9	308.156	5.51284
8	151	10	302.95	5.59793
8	151	11	292.389	5.26519
8	151	12	310.607	5.38
8	151	13	296.482	5.02705
8	151	14	284.485	5.28507
8	151	15	267.323	3.98869
8	151	16	298.761	5.32136
8	151	17	297.789	5.22907
8	151	18	300.927	5.12556
8	151	19	297.249	5.29273
8	151	20	279.925	5.10886
8	151	21	304.297	5.28462
8	151	22	307.018	5.44812
8	151	23	289.332	5.14071
8	151	24	281.735	4.84245
8	151	25	286.048	4.86165
8	151	26	285.645	4.93108
8	151	27	304.143	5.21746
8	151	28	299.039	5.03624
8	151	29	307.587	5.21706
8	151	30	267.894	4.24358
8	151	31	294.64	5.0827
8	151	32	296.731	4.96522
8	151	33	274.277	4.03491
8	151	34	300.671	4.97875
8	151	35	286.196	4.78455
8	152	0	242.81	4.99605
8	152	1	259.706	4.78876
8	152	2	241.671	3.90791
8	152	3	243.172	3.89887
8	152	4	231.966	4.56756
8	152	5	233.795	3.64695
8	152	6	237.673	3.81918
8	152	7	248.803	3.9333
8	152	8	242.276	5.19792
8	152	9	239.263	3.90751
8	152	10	236.517	5.06379
8	152	11	247.086	6.71407
8	152	12	243.14	3.99517
8	152	13	246.998	4.02978
8	152	14	247.371	4.11038
8	152	15	243.006	4.01926
8	152	16	241.476	3.80229
8	152	17	237.199	3.66174
8	152	18	236.322	3.72774
8	152	19	254.794	4.2447
8	152	20	249.533	3.86501
8	152	21	249.791	4.15245
8	152	22	238.484	3.61867
8	152	23	245.35	3.8351
8	152	24	256.688	4.21642
8	152	25	249.276	4.0919
8	152	26	244.366	3.90857
8	152	27	238.389	4.76319
8	152	28	241.264	3.82939
8	152	29	238.919	3.78517
8	152	30	244.933	3.93027
8	152	31	237.681	3.8115
8	152	32	241.328	3.78773
8	152	33	235.215	3.67039
8	152	34	228.184	3.36771
8	152	35	252.252	3.85134
7	153	0	249.589	3.46133
7	153	1	254.31	3.60827
7	153	2	251.097	3.52374
7	153	3	237.934	4.21587
7	153	4	245.788	3.35772
7	153	5	244.057	4.83885
7	153	6	250.874	3.52563
7	153	7	251.146	3.56955
7	153	8	261.351	3.68861
7	153	9	256.372	3.64366
7	153	10	250.62	3.42041
7	153	11	265.587	5.24952
7	153	12	243.736	4.48428
7	153	13	255.116	3.64756
7	153	14	258.945	3.59092
7	153	15	254.158	3.43744
7	153	16	249.516	5.16409
7	153	17	245.668	4.25332
7	153	18	251.089	3.48666
7	153	19	271.791	3.76267
7	153	20	248.778	3.42607
7	153	21	248.223	3.40546
7	153	22	248.279	4.87102
7	153	23	246.674	5.07864
7	153	24	244.579	3.29903
7	153	25	263.859	3.65338
7	153	26	247.259	3.43264
7	153	27	247.021	3.42816
7	153	28	253.961	5.15596
7	153	29	241.402	4.48456
7	153	30	261.862	5.36778
7	153	31	241.671	3.40756
7	153	32	248.5	3.4305
7	153	33	250.977	5.15345
7	153	34	253.625	5.1185
7	153	35	240.855	4.26223
7	154	0	278.943	5.57009
7	154	1	271.622	4.55469
7	154	2	279.616	4.72039
7	154	3	297.436	6.03213
7	154	4	284.033	5.72956
7	154	5	270.608	4.96211
7	154	6	285.721	5.34174
7	154	7	288.565	5.93081
7	154	8	287.046	5.60386
7	154	9	286.096	5.41405
7	154	10	293.235	5.55693
7	154	11	303.139	6.05189
7	154	12	300.059	5.59566
7	154	13	295.359	5.98804
7	154	14	274.847	5.43209
7	154	15	291.039	5.94176
7	154	16	289.978	5.83626
7	154	17	305.286	5.57533
7	154	18	306.656	5.7927
7	154	19	296.863	5.77422
7	154	20	289.25	5.47517
7	154	21	277.94	4.86132
7	154	22	277.23	5.0208
7	154	23	291.983	5.37171
7	154	24	283.955	5.14804
7	154	25	281.831	5.3471
7	154	26	281.958	5.33908
7	154	27	294.841	5.588
7	154	28	267.068	5.21995
7	154	29	275.824	5.01719
7	154	30	268.81	4.89385
7	154	31	265.787	4.86347
7	154	32	289.531	5.04527
7	154	33	278.119	5.13949
7	154	34	268.748	4.90252
7	154	35	271.967	4.92986
7	155	0	246.281	4.75914
7	155	1	261.754	4.68732
7	155	2	252.639	4.65864
7	155	3	238.461	4.01305
7	155	4	240.193	3.88785
7	155	5	254.348	4.87061
7	155	6	254.449	4.54289
7	155	7	250.737	3.8882
7	155	8	265.235	4.99362
7	155	9	258.762	5.13964
7	155	10	262.929	4.99415
7	155	11	254.142	4.73597
7	155	12	249.925	4.63752
7	155	13	250.348	4.18867
7	155	14	255.095	4.74076
7	155	15	264.556	4.8246
7	155	16	281.685	5.66936
7	155	17	259.115	4.90268
7	155	18	256.057	4.61401
7	155	19	263.095	4.97391
7	155	20	261.345	5.07651
7	155	21	254.707	4.83305
7	155	22	268.712	5.02151
7	155	23	260.748	5.33406
7	155	24	247.448	4.53382
7	155	25	260.77	5.07851
7	155	26	266.868	4.98546
7	155	27	254.397	4.95115
7	155	28	272.24	5.04869
7	155	29	258.813	5.22457
7	155	30	257.51	4.57933
7	155	31	266.474	4.87703
7	155	32	254.72	4.44433
7	155	33	260.162	4.67058
7	155	34	271.689	4.90886
7	155	35	260.725	4.6774
7	156	0	255.737	4.21579
7	156	1	239.78	4.47383
7	156	2	249.799	4.87314
7	156	3	240.82	4.66692
7	156	4	250.401	5.24344
7	156	5	252.391	4.7017
7	156	6	249.889	4.71791
7	156	7	265.473	5.09449
7	156	8	252.54	4.98858
7	156	9	260.794	5.2225
7	156	10	251.134	4.8184
7	156	11	250.996	4.67459
7	156	12	266.638	5.04887
7	156	13	267.848	5.03359
7	156	14	244.084	3.86921
7	156	15	257.77	4.86662
7	156	16	252.395	4.81099
7	156	17	243.732	3.93695
7	156	18	253.591	4.87437
7	156	19	259.621	4.92443
7	156	20	271.041	5.34425
7	156	21	251.07	4.23782
7	156	22	260.678	4.96156
7	156	23	258.636	4.8233
7	156	24	258.034	4.65639
7	156	25	263.409	4.95954
7	156	26	266.821	5.08144
7	156	27	262.025	5.07321
7	156	28	255.421	4.81157
7	156	29	251.173	4.4607
7	156	30	259.447	4.71052
7	156	31	246.064	4.50483
7	156	32	272.676	4.82181
7	156	33	253.162	4.80997
7	156	34	258.785	4.74004
7	156	35	250.208	4.47259
6	157	0	163.857	2.6466
6	157	1	161.473	2.48152
6	157	2	175.288	3.44453
6	157	3	182.21	4.07236
6	157	4	161.285	2.77194
6	157	5	160.373	2.63021
6	157	6	159.161	2.64967
6	157	7	175.067	3.30334
6	157	8	165.613	3.07272
6	157	9	175.584	3.59895
6	157	10	159.596	2.57773
6	157	11	160.74	2.52614
6	157	12	157.515	2.43563
6	157	13	171.288	2.97358
6	157	14	177.094	3.50182
6	157	15	182.097	3.65849
6	157	16	165.765	2.81858
6	157	17	166.611	2.56635
6	157	18	170.25	2.97818
6	157	19	177.039	3.32979
6	157	20	172.913	2.79605
6	157	21	162.097	2.44082
6	157	22	171.097	2.7989
6	157	23	160.793	2.55499
6	157	24	168.392	2.93609
6	157	25	168.907	2.87991
6	157	26	164.06	2.77894
6	157	27	166.376	2.91746
6	157	28	162.274	2.42396
6	157	29	166.556	2.65003
6	157	30	169.613	2.72029
6	157	31	163.202	2.47271
6	157	32	165.083	2.5679
6	157	33	162.168	2.63971
6	157	34	165.578	2.55363
6	157	35	167.257	2.54967
6	158	0	251.266	5.64936
6	158	1	264.703	5.91046
6	158	2	267.237	5.67063
6	158	3	267.621	6.08119
6	158	4	271.818	4.13661
6	158	5	257.487	5.03911
6	158	6	257.508	4.97746
6	158	7	261.878	5.37709
6	158	8	268.478	5.65817
6	158	9	281.153	7.00208
6	158	10	263.291	5.12546
6	158	11	250.368	5.30929
6	158	12	255.779	4.96445
6	158	13	267.849	3.86728
6	158	14	259.007	5.20106
6	158	15	270.337	5.83316
6	158	16	265.514	5.45402
6	158	17	284.726	6.45492
6	158	18	260.085	5.31835
6	158	19	261.781	5.30723
6	158	20	269.237	5.7481
6	158	21	267.018	5.62005
6	158	22	275.816	5.7801
6	158	23	260.253	5.39025
6	158	24	254.77	5.26706
6	158	25	256.649	5.12202
6	158	26	268.59	5.37549
6	158	27	272.583	5.75599
6	158	28	261.163	5.27345
6	158	29	269.33	5.50682
6	158	30	260.377	5.24277
6	158	31	255.309	5.29122
6	158	32	263.541	5.2183
6	158	33	268.378	5.25741
6	158	34	271.156	5.3247
6	158	35	255.291	4.98709
6	159	0	288.294	4.76921
6	159	1	268.28	4.24755
6	159	2	258.534	4.05381
6	159	3	262.595	4.2628
6	159	4	284.894	4.63459
6	159	5	282.835	4.47255
6	159	6	269.047	4.2729
6	159	7	275.031	5.1309
6	159	8	279.226	5.92588
6	159	9	281.602	5.12931
6	159	10	287.298	5.41172
6	159	11	291.897	5.26197
6	159	12	280.409	4.26346
6	159	13	291.345	5.2368
6	159	14	282.758	4.69855
6	159	15	298.153	6.33984
6	159	16	288.856	5.46614
6	159	17	291.697	5.34684
6	159	18	277.313	4.37996
6	159	19	279.083	5.3915
6	159	20	300.39	6.3472
6	159	21	279.184	5.39379
6	159	22	284.336	5.3774
6	159	23	290.861	4.81607
6	159	24	291.185	5.05066
6	159	25	286.929	5.5962
6	159	26	297.586	5.81338
6	159	27	281.573	4.63757
6	159	28	282.069	4.41905
6	159	29	290.462	4.97579
6	159	30	278.194	4.75915
6	159	31	284.027	4.56041
6	159	32	281.112	5.02932
6	159	33	282.6	4.66087
6	159	34	280.01	4.48824
6	159	35	276.343	4.83561
6	160	0	255.494	4.0101
6	160	1	251.671	3.84433
6	160	2	249.032	3.82691
6	160	3	261.366	4.0234
6	160	4	256.151	4.01155
6	160	5	259.804	3.93271
6	160	6	264.903	4.30764
6	160	7	258.414	4.06471
6	160	8	265.278	4.26233
6	160	9	265.343	4.34377
6	160	10	263.42	4.02363
6	160	11	264.488	4.1596
6	160	12	271.93	4.31527
6	160	13	266.405	4.42609
6	160	14	264.502	4.43505
6	160	15	258.34	3.91779
6	160	16	272.328	4.15535
6	160	17	264.501	4.07299
6	160	18	267.151	4.44738
6	160	19	276.509	4.59634
6	160	20	262.314	4.15615
6	160	21	275.249	4.573
6	160	22	254.905	3.87507
6	160	23	262.492	4.08794
6	160	24	280.063	4.27588
6	160	25	263.051	4.37959
6	160	26	276.465	4.53195
6	160	27	263.585	4.10014
6	160	28	270.924	4.36607
6	160	29	273.251	4.38559
6	160	30	270.069	4.50203
6	160	31	276.684	5.25595
6	160	32	264.118	4.71595
6	160	33	272.051	4.58758
6	160	34	272.012	4.94452
6	160	35	267.361	4.10432
5	161	0	243.685	2.05922
5	161	1	253.941	1.95052
5	161	2	254.324	1.95769
5	161	3	242.194	1.83634
5	161	4	238.852	1.79428
5	161	5	234.292	1.75006
5	161	6	248.582	1.89165
5	161	7	249.183	1.92099
5	161	8	254.353	1.91446
5	161	9	241.967	1.81118
5	161	10	234.831	1.74919
5	161	11	251.224	1.87726
5	161	12	246.609	1.84906
5	161	13	237.547	1.78197
5	161	14	241.88	1.83098
5	161	15	241.683	1.8062
5	161	16	250.271	1.87642
5	161	17	242.301	1.80375
5	161	18	244.452	1.85832
5	161	19	251.565	1.92234
5	161	20	244.476	1.84061
5	161	21	253.054	1.93573
5	161	22	245.8	1.85476
5	161	23	246.688	1.81513
5	161	24	241.933	1.85795
5	161	25	249.155	1.8782
5	161	26	246.792	1.93944
5	161	27	249.142	1.87577
5	161	28	246.692	1.86945
5	161	29	242.706	1.7866
5	161	30	235.635	1.78076
5	161	31	242.488	1.81293
5	161	32	249.26	1.86709
5	161	33	247.942	1.93377
5	161	34	248.718	1.95421
5	161	35	236.092	1.86843
5	162	0	267.531	1.40459
5	162	1	257.866	1.29505
5	162	2	267.683	1.40457
5	162	3	273.32	1.43193
5	162	4	270.792	1.50377
5	162	5	279.121	1.46453
5	162	6	284.058	1.46501
5	162	7	258.875	1.3224
5	162	8	267.368	1.39943
5	162	9	270.333	1.39491
5	162	10	277.147	1.44342
5	162	11	274.239	1.51543
5	162	12	277.005	1.4175
5	162	13	261.604	1.35771
5	162	14	257.098	1.31791
5	162	15	282.723	1.45454
5	162	16	273.485	1.41136
5	162	17	261.978	1.30763
5	162	18	273.42	1.39987
5	162	19	271.468	1.38636
5	162	20	263.819	1.3504
5	162	21	270.141	1.41537
5	162	22	273.095	1.41066
5	162	23	267.889	1.3897
5	162	24	276.995	1.41138
5	162	25	265.75	1.35446
5	162	26	273.4	1.41479
5	162	27	254.104	1.3032
5	162	28	268.959	1.40211
5	162	29	262.336	1.34942
5	162	30	272.931	1.38846
5	162	31	272.848	1.39009
5	162	32	270.193	1.407
5	162	33	276.976	1.42233
5	162	34	268.415	1.37701
5	162	35	271.766	1.40226
5	163	0	233.194	1.45418
5	163	1	231.169	1.44946
5	163	2	234.755	1.46652
5	163	3	231.446	1.45617
5	163	4	233.296	1.45578
5	163	5	240.244	1.51272
5	163	6	237.872	1.47348
5	163	7	238.021	1.48355
5	163	8	233.865	1.46652
5	163	9	2.50084	0.0158133
5	163	10	249.534	1.55207
5	163	11	243.001	1.50846
5	163	12	251.481	1.56971
5	163	13	244.8	1.54089
5	163	14	240.849	1.51068
5	163	15	238.33	1.50405
5	163	16	246.788	1.54655
5	163	17	239.41	1.50764
5	163	18	248.067	1.55144
5	163	19	246.389	1.53126
5	163	20	242.182	1.5252
5	163	21	239.469	1.50507
5	163	22	251.492	1.58052
5	163	23	241.889	1.53743
5	163	24	254.937	1.62496
5	163	25	251.023	1.60953
5	163	26	243.207	1.54492
5	163	27	244.9	1.53284
5	163	28	251.255	1.64256
5	163	29	253.964	1.89016
5	163	30	244.491	1.60275
5	163	31	258.623	1.76322
5	163	32	255.223	1.72792
5	163	33	254.279	1.76236
5	163	34	255.265	1.89498
5	163	35	248.708	1.79804
5	164	0	274.653	2.21899
5	164	1	276.758	2.19942
5	164	2	277.112	2.2097
5	164	3	282.757	2.2361
5	164	4	276.407	2.16909
5	164	5	272.127	2.1699
5	164	6	276.526	2.11497
5	164	7	286.545	2.28665
5	164	8	280.454	2.22074
5	164	9	283.585	2.28751
5	164	10	275.067	2.17726
5	164	11	279.886	2.18259
5	164	12	279.691	2.23864
5	164	13	277.974	2.20067
5	164	14	288.502	2.29512
5	164	15	287.581	2.29486
5	164	16	289.262	2.28498
5	164	17	272.303	2.11548
5	164	18	283.015	2.23498
5	164	19	289.153	2.30444
5	164	20	290.764	2.33252
5	164	21	292.674	2.38864
5	164	22	282.6	2.26576
5	164	23	286.382	2.24476
5	164	24	283.52	2.38579
5	164	25	283.179	2.2614
5	164	26	281.942	2.26209
5	164	27	285.88	2.26264
5	164	28	281.481	2.22271
5	164	29	289.127	2.28264
5	164	30	294.856	2.55502
5	164	31	277.672	2.22856
5	164	32	286.028	2.26468
5	164	33	280.151	2.12733
5	164	34	283.776	2.27954
5	164	35	278.499	2.1904
4	165	0	281.839	5.91984
4	165	1	298.483	6.42274
4	165	2	276.877	6.1334
4	165	3	277.796	5.69488
4	165	4	265.118	5.43762
4	165	5	264.203	5.57059
4	165	6	271.985	5.57243
4	165	7	277.244	5.81542
4	165	8	277.601	5.94291
4	165	9	287.421	6.17409
4	165	10	278.159	5.76719
4	165	11	260.638	5.59843
4	165	12	284.005	6.09386
4	165	13	280.028	6.03879
4	165	14	276.609	6.00275
4	165	15	279.142	5.81342
4	165	16	279.624	5.62043
4	165	17	275.343	6.08161
4	165	18	283.48	6.12432
4	165	19	274.435	5.83051
4	165	20	276.355	5.78965
4	165	21	271.927	5.85563
4	165	22	268.093	5.57943
4	165	23	267.303	5.45271
4	165	24	265.092	5.60599
4	165	25	272.695	5.85208
4	165	26	278.89	5.91663
4	165	27	271.302	5.92489
4	165	28	274.875	6.04317
4	165	29	268.122	5.63321
4	165	30	280.05	5.80868
4	165	31	289.452	6.44151
4	165	32	279.485	6.64507
4	165	33	292.491	7.74505
4	165	34	285.271	9.38825
4	165	35	303.017	10.5441
4	166	0	215.929	2.32571
4	166	1	221.814	2.42666
4	166	2	224.602	2.43779
4	166	3	226.365	2.43789
4	166	4	239.293	2.60136
4	166	5	241.179	2.83409
4	166	6	227.845	2.47546
4	166	7	225.106	2.47207
4	166	8	222.001	2.37601
4	166	9	232.611	2.54591
4	166	10	229.919	2.48215
4	166	11	239.416	2.67072
4	166	12	226.291	2.45944
4	166	13	223.878	2.44565
4	166	14	222.438	2.40723
4	166	15	226.577	2.44237
4	166	16	238.84	2.60775
4	166	17	224.014	2.51756
4	166	18	235.389	2.50649
4	166	19	227.782	2.47647
4	166	20	223.757	2.43678
4	166	21	225.504	2.44409
4	166	22	237.088	2.5956
4	166	23	233.997	2.50996
4	166	24	225.9	2.43775
4	166	25	235.326	2.54066
4	166	26	218.732	2.38009
4	166	27	218.204	2.37247
4	166	28	231.816	2.50791
4	166	29	220.746	2.38002
4	166	30	222.664	2.40296
4	166	31	221.216	2.38007
4	166	32	241.606	2.59375
4	166	33	211.542	2.29263
4	166	34	225.574	2.45358
4	166	35	227.546	2.4679
4	167	0	266.178	4.29296
4	167	1	257.081	4.10828
4	167	2	270.959	4.43643
4	167	3	266.595	4.35808
4	167	4	268.421	4.34112
4	167	5	266.985	4.4766
4	167	6	252.401	4.08014
4	167	7	267.676	4.35351
4	167	8	274.48	4.64506
4	167	9	270.452	4.54322
4	167	10	279.415	4.61991
4	167	11	260.201	4.23075
4	167	12	270.805	4.38532
4	167	13	269.335	4.45116
4	167	14	288.47	4.92934
4	167	15	273.525	4.64579
4	167	16	276.086	4.65628
4	167	17	282.418	4.75696
4	167	18	268.026	4.32481
4	167	19	264.243	4.29702
4	167	20	269.691	4.51614
4	167	21	283.301	4.72081
4	167	22	273.697	4.69233
4	167	23	276.525	4.57459
4	167	24	258.467	4.2509
4	167	25	264.49	4.32458
4	167	26	262.906	4.22711
4	167	27	275.595	4.53718
4	167	28	286.902	4.69148
4	167	29	283.842	4.61448
4	167	30	269.214	4.34482
4	167	31	271.382	4.42354
4	167	32	270.042	4.51731
4	167	33	266.617	4.26104
4	167	34	270.267	4.45722
4	167	35	270.578	4.31845
4	168	0	250.835	3.7192
4	168	1	263.587	3.87723
4	168	2	251.69	3.8624
4	168	3	257.407	3.91904
4	168	4	252.756	3.66242
4	168	5	255.85	3.79309
4	168	6	265.171	3.93007
4	168	7	244.813	3.63058
4	168	8	259.088	3.92276
4	168	9	250.647	3.848
4	168	10	251.074	3.73209
4	168	11	245.249	3.66369
4	168	12	265.11	3.89757
4	168	13	262.123	3.99421
4	168	14	255.575	3.71344
4	168	15	259.391	3.88709
4	168	16	254.884	3.75942
4	168	17	269.932	4.0319
4	168	18	247.114	3.61356
4	168	19	258.655	3.78222
4	168	20	261.729	3.8826
4	168	21	263.164	3.83312
4	168	22	257.464	3.74104
4	168	23	254.126	3.76379
4	168	24	257.366	3.77973
4	168	25	257.855	3.72877
4	168	26	266.29	4.00028
4	168	27	256.04	3.74667
4	168	28	246.87	3.76416
4	168	29	241.634	3.48642
4	168	30	252.719	3.68704
4	168	31	253.387	3.65596
4	168	32	270.316	4.03447
4	168	33	260.834	3.79942
4	168	34	253.789	3.64869
4	168	35	257.305	3.64351
11	169	0	249.435	1.59451
11	169	1	251.252	1.5772
11	169	2	241.51	1.51748
11	169	3	249.115	1.5533
11	169	4	240.64	1.51558
11	169	5	242.581	1.52292
11	169	6	252.43	1.58268
11	169	7	241.537	1.51922
11	169	8	242.35	1.51305
11	169	9	243.882	1.51895
11	169	10	245.159	1.52594
11	169	11	240.429	1.50007
11	169	12	244.659	1.53333
11	169	13	249.907	1.56457
11	169	14	239.659	1.50053
11	169	15	250.023	1.57158
11	169	16	242.3	1.51072
11	169	17	251.088	1.55799
11	169	18	257.552	1.61036
11	169	19	257.31	1.60157
11	169	20	255.566	1.5933
11	169	21	245.096	1.53162
11	169	22	241.445	1.50723
11	169	23	251.49	1.57283
11	169	24	242.357	1.50148
11	169	25	249.398	1.55542
11	169	26	243.568	1.51649
11	169	27	248.474	1.55738
11	169	28	240.733	1.50943
11	169	29	355.871	8.01087
11	169	30	252.995	1.58245
11	169	31	228.089	1.42253
11	169	32	259.485	1.63294
11	169	33	258.037	1.63563
11	169	34	248.422	1.58821
11	169	35	240.336	1.52422
11	170	0	243.728	4.63109
11	170	1	249.237	3.98185
11	170	2	255.206	4.22573
11	170	3	244.248	4.85324
11	170	4	234.034	4.26768
11	170	5	238.948	4.51293
11	170	6	248.814	4.59585
11	170	7	240.715	5.07414
11	170	8	253.238	5.04659
11	170	9	258.826	5.2117
11	170	10	257.197	4.99998
11	170	11	253.645	4.65822
11	170	12	240.926	4.3087
11	170	13	243.113	4.62519
11	170	14	255.715	4.89291
11	170	15	250.176	4.8427
11	170	16	238.083	4.39012
11	170	17	239.864	4.91519
11	170	18	244.474	4.41519
11	170	19	235.392	4.15024
11	170	20	240.276	4.29732
11	170	21	245.174	4.41962
11	170	22	243.998	4.27812
11	170	23	245.451	4.32005
11	170	24	240.273	4.15114
11	170	25	232.785	4.04268
11	170	26	250.353	4.41148
11	170	27	241.693	4.22204
11	170	28	245.796	4.34834
11	170	29	247.801	4.30814
11	170	30	252.429	5.72186
11	170	31	232.666	4.11626
11	170	32	245.433	4.27121
11	170	33	253.262	4.43122
11	170	34	232.121	4.20685
11	170	35	248.163	4.62696
11	171	0	276.12	4.60852
11	171	1	279.333	4.45104
11	171	2	272.078	4.54857
11	171	3	265.994	4.02439
11	171	4	274.386	4.99776
11	171	5	295.479	5.43458
11	171	6	265.439	4.36079
11	171	7	276	4.62764
11	171	8	280.61	4.88283
11	171	9	285.284	5.01595
11	171	10	285.716	5.1296
11	171	11	275.617	4.95725
11	171	12	260.737	4.29568
11	171	13	279.771	4.62304
11	171	14	270.033	4.48474
11	171	15	286.287	4.92649
11	171	16	273.687	4.88835
11	171	17	277.198	4.8897
11	171	18	267.544	4.26794
11	171	19	272.474	4.44259
11	171	20	279.046	4.63249
11	171	21	268.914	4.53102
11	171	22	268.175	4.34916
11	171	23	281.401	4.93431
11	171	24	270.609	4.37339
11	171	25	263.68	4.25119
11	171	26	279.05	4.57653
11	171	27	277.29	4.64287
11	171	28	265.15	4.56387
11	171	29	276.523	4.84306
11	171	30	275.899	4.58682
11	171	31	268.762	4.4652
11	171	32	270.321	4.4786
11	171	33	274.114	4.49673
11	171	34	262.826	4.47659
11	171	35	274.681	4.8047
11	172	0	267.233	4.52066
11	172	1	259.809	4.31014
11	172	2	272.695	4.9114
11	172	3	286.557	5.14401
11	172	4	276.507	4.86337
11	172	5	277.879	4.87755
11	172	6	265.716	4.48534
11	172	7	267.474	4.45874
11	172	8	266.384	4.65818
11	172	9	285.453	5.06316
11	172	10	280.871	5.04164
11	172	11	263.927	4.3602
11	172	12	282.924	5.05804
11	172	13	292.659	5.39274
11	172	14	281.129	5.06354
11	172	15	293.48	5.27863
11	172	16	287.63	5.18239
11	172	17	292.262	5.06645
11	172	18	267.2	4.6854
11	172	19	280.332	4.93885
11	172	20	275.105	4.92495
11	172	21	274.329	4.79429
11	172	22	275.971	5.0466
11	172	23	281.156	4.95304
11	172	24	268.071	4.63823
11	172	25	279.518	4.92944
11	172	26	271.799	4.49081
11	172	27	286.542	5.11073
11	172	28	275.245	5.03562
11	172	29	283.061	5.06425
11	172	30	271.243	4.78874
11	172	31	268.94	4.65426
11	172	32	262.557	4.51317
11	172	33	287.101	5.03647
11	172	34	266.611	4.52416
11	172	35	268.573	4.48021
11	173	0	297.727	4.2251
11	173	1	303.048	4.31722
11	173	2	324.34	4.96177
11	173	3	308.166	4.36404
11	173	4	318.287	4.64836
11	173	5	323.218	4.79516
11	173	6	325.231	6.729
11	173	7	305.527	4.0979
11	173	8	293.096	5.67274
11	173	9	309.069	5.96528
11	173	10	316.732	4.23251
11	173	11	318.521	4.51362
11	173	12	334.92	4.89842
11	173	13	304.724	5.89624
11	173	14	289.159	5.43434
11	173	15	309.503	6.18187
11	173	16	308.319	5.35121
11	173	17	308.067	6.0539
11	173	18	307.578	5.85183
11	173	19	319.507	5.89882
11	173	20	297.727	5.56304
11	173	21	314.832	4.56545
11	173	22	294.692	5.41211
11	173	23	296.927	5.60573
11	173	24	294.914	5.49804
11	173	25	299.96	5.75619
11	173	26	286.178	5.34224
11	173	27	296.262	5.55563
11	173	28	292.916	5.75019
11	173	29	316.021	4.3439
11	173	30	297.877	5.56073
11	173	31	306.804	5.74351
11	173	32	303.287	5.89205
11	173	33	305.233	5.94328
11	173	34	306.064	5.63094
11	173	35	295.464	4.02617
11	174	0	274.249	5.03348
11	174	1	267.196	4.96729
11	174	2	272.336	5.13923
11	174	3	269.498	5.55087
11	174	4	276.493	3.0917
11	174	5	278.08	3.44883
11	174	6	281.326	5.24929
11	174	7	280.799	5.11414
11	174	8	264.877	2.83109
11	174	9	267.822	2.87065
11	174	10	271.462	2.95383
11	174	11	282.914	3.20145
11	174	12	282.622	5.06079
11	174	13	275.829	4.99186
11	174	14	285.894	5.60169
11	174	15	271.43	4.77597
11	174	16	283.279	5.14007
11	174	17	265.446	3.01056
11	174	18	280.407	4.9991
11	174	19	257.32	4.46379
11	174	20	275.756	4.85786
11	174	21	266.592	4.68849
11	174	22	279.919	2.95585
11	174	23	271.23	2.90662
11	174	24	280.726	5.1237
11	174	25	290.042	5.3309
11	174	26	265.202	4.66462
11	174	27	286.89	5.19525
11	174	28	263.12	4.70773
11	174	29	281.327	4.99875
11	174	30	295.916	5.30185
11	174	31	274.985	4.98386
11	174	32	269	4.80584
11	174	33	281.521	5.09984
11	174	34	285.088	5.03477
11	174	35	273.672	4.86797
11	175	0	243.963	4.81301
11	175	1	254.389	5.49578
11	175	2	249.478	4.67666
11	175	3	261.592	4.84162
11	175	4	258.612	4.69603
11	175	5	258.908	4.75982
11	175	6	250.219	4.59732
11	175	7	275.195	5.30036
11	175	8	258.813	4.68075
11	175	9	255.737	4.6385
11	175	10	240.458	4.28635
11	175	11	255.672	4.77882
11	175	12	250.459	4.43115
11	175	13	251.218	4.46945
11	175	14	240.028	4.4095
11	175	15	251.941	4.5707
11	175	16	255.453	4.70507
11	175	17	248.912	4.48204
11	175	18	237.907	4.25081
11	175	19	274.218	4.86574
11	175	20	261.54	4.7138
11	175	21	256.278	4.61602
11	175	22	239.429	4.22651
11	175	23	263.402	4.70064
11	175	24	247.701	4.4359
11	175	25	255.829	4.52788
11	175	26	255.25	4.5424
11	175	27	251.364	4.47595
11	175	28	243.356	4.42597
11	175	29	253.366	3.78976
11	175	30	241.807	4.16486
11	175	31	256.05	4.509
11	175	32	252.274	4.4507
11	175	33	247.185	4.30556
11	175	34	249.851	4.52585
11	175	35	250.713	4.60553
11	176	0	281.03	4.95054
11	176	1	275.191	4.51171
11	176	2	277.488	4.60914
11	176	3	268.426	4.3127
11	176	4	267.124	4.31709
11	176	5	284.309	4.44784
11	176	6	292.54	3.83273
11	176	7	283.583	4.77956
11	176	8	259.107	4.17203
11	176	9	279.307	4.48848
11	176	10	270.174	4.24638
11	176	11	267.383	4.13869
11	176	12	281.337	3.66373
11	176	13	284.183	4.76125
11	176	14	274.083	4.3608
11	176	15	268.214	4.20549
11	176	16	261.396	4.05294
11	176	17	274.83	4.31739
11	176	18	287.692	4.76258
11	176	19	286.658	4.7194
11	176	20	278.714	4.42432
11	176	21	259.339	4.04976
11	176	22	261.611	4.09668
11	176	23	267.947	4.03651
11	176	24	287.792	4.81079
11	176	25	290.854	4.73369
11	176	26	274.492	4.37722
11	176	27	261.322	4.05713
11	176	28	265.22	4.04752
11	176	29	275.834	4.31848
11	176	30	263.892	4.0946
11	176	31	270.041	4.39868
11	176	32	271.471	4.07259
11	176	33	269.996	4.34164
11	176	34	283.59	4.60816
11	176	35	267.35	4.08422
11	177	0	259.219	1.80238
11	177	1	258.127	1.73767
11	177	2	253.663	1.70666
11	177	3	245.784	1.63531
11	177	4	252.516	1.68632
11	177	5	261.429	1.73368
11	177	6	248.836	1.64242
11	177	7	254.169	1.69518
11	177	8	246.409	1.6371
11	177	9	246.802	1.64026
11	177	10	251.505	1.66099
11	177	11	248.547	1.62626
11	177	12	245.272	1.63029
11	177	13	248.029	1.62715
11	177	14	252.617	1.66203
11	177	15	269.424	1.76322
11	177	16	253.449	1.66498
11	177	17	260.393	1.72486
11	177	18	264.935	1.75153
11	177	19	242.088	1.59546
11	177	20	248.3	1.62731
11	177	21	253.83	1.661
11	177	22	266.313	1.75033
11	177	23	337.542	8.80276
11	177	24	256.645	1.68391
11	177	25	249.546	1.63892
11	177	26	255.515	1.67258
11	177	27	251.009	1.64941
11	177	28	244.869	1.60039
11	177	29	249.976	1.6458
11	177	30	263.152	1.73871
11	177	31	256.746	1.70798
11	177	32	242.683	1.61819
11	177	33	251.041	1.67705
11	177	34	253.296	1.70219
11	177	35	240.628	1.61587
11	178	0	260.22	4.72275
11	178	1	252.681	4.4453
11	178	2	266.776	4.78822
11	178	3	266.345	4.6279
11	178	4	269.623	5.07222
11	178	5	265.87	4.64416
11	178	6	260.168	4.61038
11	178	7	274.54	5.08378
11	178	8	274.379	4.80857
11	178	9	268.286	5.07868
11	178	10	258.124	4.51093
11	178	11	262.582	4.6407
11	178	12	274.426	4.82233
11	178	13	267.781	4.99016
11	178	14	290.962	5.7698
11	178	15	268.606	4.67235
11	178	16	259.124	4.50921
11	178	17	253.618	3.87999
11	178	18	274.25	4.859
11	178	19	265.697	4.56173
11	178	20	269.961	4.78456
11	178	21	261.5	4.49996
11	178	22	282.348	4.98629
11	178	23	277.233	4.84646
11	178	24	255.885	4.38579
11	178	25	285.604	4.93167
11	178	26	269.028	4.71519
11	178	27	269.953	4.60178
11	178	28	266.711	4.80572
11	178	29	266.919	4.45557
11	178	30	273.083	4.64772
11	178	31	255.432	4.35789
11	178	32	272.99	4.67706
11	178	33	281.615	4.70123
11	178	34	263.088	4.44937
11	178	35	277.136	4.78079
11	179	0	267.101	5.03165
11	179	1	256.909	4.78535
11	179	2	252.925	4.761
11	179	3	269.002	5.07583
11	179	4	234.577	4.44924
11	179	5	267.98	5.05597
11	179	6	254.925	4.80613
11	179	7	252.587	4.74083
11	179	8	268.266	3.72818
11	179	9	266.33	3.71822
11	179	10	269.781	3.89545
11	179	11	265.293	3.81699
11	179	12	272.317	5.14457
11	179	13	268.897	3.81221
11	179	14	256.178	3.53811
11	179	15	262.109	4.98615
11	179	16	258.155	4.97963
11	179	17	272.236	5.2719
11	179	18	269.191	5.09175
11	179	19	249.749	4.77019
11	179	20	257.235	4.92507
11	179	21	258.33	4.97572
11	179	22	262.259	3.6019
11	179	23	267.996	3.71722
11	179	24	266.378	3.72108
11	179	25	260.553	4.94536
11	179	26	274.425	3.85828
11	179	27	276.48	4.13162
11	179	28	278.148	4.41104
11	179	29	272.37	4.16392
11	179	30	266.29	5.01499
11	179	31	250.692	4.81472
11	179	32	283.94	4.0612
11	179	33	285.857	4.34724
11	179	34	276.892	4.75158
11	179	35	290.369	4.73031
11	180	0	245.272	3.82135
11	180	1	253.135	3.8377
11	180	2	245.696	3.90867
11	180	3	247.416	3.90201
11	180	4	257.177	4.49413
11	180	5	250.102	4.03462
11	180	6	243.174	3.88505
11	180	7	237.134	3.64054
11	180	8	260.154	4.03503
11	180	9	239.621	3.64691
11	180	10	251.112	3.93869
11	180	11	237.633	3.72941
11	180	12	236.612	3.72302
11	180	13	243.154	3.86876
11	180	14	243.419	3.84187
11	180	15	236.257	3.74834
11	180	16	240.568	3.77352
11	180	17	242.007	3.7657
11	180	18	252.977	3.99995
11	180	19	239.834	3.9085
11	180	20	249.424	4.00277
11	180	21	251.276	4.07199
11	180	22	247.797	4.05975
11	180	23	241.387	3.85735
11	180	24	255.046	4.2515
11	180	25	246.569	4.15478
11	180	26	251.094	4.24455
11	180	27	256.067	4.70485
11	180	28	260.472	4.84991
11	180	29	252.377	4.52237
11	180	30	249.921	4.30518
11	180	31	258.192	4.61249
11	180	32	271.356	4.993
11	180	33	266.248	5.28966
11	180	34	269.649	5.37276
11	180	35	269.974	4.95094
11	181	0	256.825	5.00376
11	181	1	265.508	3.87118
11	181	2	272.593	5.36328
11	181	3	262.847	4.19554
11	181	4	253.534	4.09397
11	181	5	247.303	3.98541
11	181	6	265.127	5.16361
11	181	7	263.957	5.18412
11	181	8	254.055	5.06513
11	181	9	256.897	4.93257
11	181	10	274.768	5.30811
11	181	11	264.722	5.07631
11	181	12	263.745	5.13251
11	181	13	262.567	5.12828
11	181	14	265.906	3.91013
11	181	15	276.671	5.49554
11	181	16	260.733	5.10788
11	181	17	272.434	5.21725
11	181	18	255.86	4.85592
11	181	19	271.353	5.22572
11	181	20	268.619	5.11007
11	181	21	275.413	5.35618
11	181	22	273.491	5.23637
11	181	23	259.112	4.92507
11	181	24	277.867	5.28719
11	181	25	271.433	5.21865
11	181	26	271.01	5.22309
11	181	27	276.13	5.35886
11	181	28	273.321	5.20258
11	181	29	271.553	5.15559
11	181	30	257.472	4.79186
11	181	31	262.483	5.0044
11	181	32	275.652	5.21866
11	181	33	268.946	5.11191
11	181	34	262.046	4.8999
11	181	35	270.712	5.19111
11	182	0	235.475	3.76528
11	182	1	242.454	3.91086
11	182	2	238.079	3.70506
11	182	3	231.627	3.66119
11	182	4	230.014	3.94544
11	182	5	244.149	4.27029
11	182	6	238.1	3.70757
11	182	7	248.009	3.95718
11	182	8	239.723	3.78309
11	182	9	234.297	3.7295
11	182	10	232.469	3.87243
11	182	11	255.979	4.59835
11	182	12	242.372	3.73246
11	182	13	234.554	3.72642
11	182	14	232.71	3.69988
11	182	15	240.105	3.84575
11	182	16	241.122	4.06697
11	182	17	230.65	3.48897
11	182	18	238.904	3.71048
11	182	19	245.923	3.82657
11	182	20	243.741	3.89141
11	182	21	239.085	3.77481
11	182	22	253.586	4.29486
11	182	23	244.488	4.40107
11	182	24	251.593	3.90035
11	182	25	242.589	3.86756
11	182	26	240.373	3.766
11	182	27	249.681	4.07943
11	182	28	239.994	4.06296
11	182	29	232.161	3.57221
11	182	30	244.394	3.77064
11	182	31	233.161	3.6802
11	182	32	234.585	3.76785
11	182	33	234.094	3.77399
11	182	34	237.528	4.01056
11	182	35	243.816	4.42744
11	183	0	251.473	4.89224
11	183	1	265.776	5.27365
11	183	2	273.245	5.38287
11	183	3	250.384	4.85075
11	183	4	251.954	4.99895
11	183	5	256.936	5.03622
11	183	6	253.929	4.89622
11	183	7	249.768	4.91427
11	183	8	259.625	4.90718
11	183	9	256.821	5.04816
11	183	10	250.533	4.88127
11	183	11	265.402	5.25545
11	183	12	278.242	6.19785
11	183	13	253.633	5.1262
11	183	14	255.84	5.21718
11	183	15	268.123	5.30017
11	183	16	259.882	5.21385
11	183	17	262.237	5.2302
11	183	18	256.7	5.21267
11	183	19	251.645	5.15904
11	183	20	268.071	5.42501
11	183	21	281.707	5.77798
11	183	22	260.19	5.38431
11	183	23	263.5	5.33799
11	183	24	271.155	5.74726
11	183	25	273.585	6.09817
11	183	26	283.676	4.62307
11	183	27	271.339	4.58079
11	183	28	281.785	6.10477
11	183	29	279.749	6.04066
11	183	30	276.704	6.0444
11	183	31	276.185	4.67772
11	183	32	280.199	4.90475
11	183	33	285.817	5.19688
11	183	34	282.959	5.09951
11	183	35	271.883	4.50596
11	184	0	247.607	3.27883
11	184	1	247.698	3.2417
11	184	2	268.355	3.46612
11	184	3	252.117	3.27493
11	184	4	262.403	3.36413
11	184	5	265.923	3.43322
11	184	6	262.683	3.35074
11	184	7	256.122	3.32824
11	184	8	259.686	3.3218
11	184	9	256.19	3.2456
11	184	10	264.018	3.373
11	184	11	255.388	3.27118
11	184	12	261.139	3.50178
11	184	13	250.847	3.30291
11	184	14	257.862	3.38557
11	184	15	254.243	3.28038
11	184	16	270.406	3.46709
11	184	17	254.361	3.25072
11	184	18	260.198	3.64703
11	184	19	261.452	3.57651
11	184	20	253.27	3.2481
11	184	21	256.527	3.41208
11	184	22	260.871	3.46163
11	184	23	265.31	3.41821
11	184	24	263.902	3.81641
11	184	25	248.063	3.20188
11	184	26	269.083	3.6794
11	184	27	250.168	3.29292
11	184	28	246.553	3.14357
11	184	29	262.155	3.346
11	184	30	264.701	3.36603
11	184	31	272.227	3.93366
11	184	32	248.385	3.3466
11	184	33	266.303	3.52837
11	184	34	252.535	3.27555
11	184	35	255.64	3.29268
12	185	0	271.903	1.83872
12	185	1	284.753	1.9241
12	185	2	284.209	1.92601
12	185	3	286.706	1.93308
12	185	4	288.303	1.94876
12	185	5	272.294	1.84089
12	185	6	287.342	1.94113
12	185	7	284.56	1.93806
12	185	8	275.102	1.86313
12	185	9	281.188	1.90391
12	185	10	279.139	1.89161
12	185	11	273.104	1.83738
12	185	12	295.419	1.99639
12	185	13	275.214	1.86564
12	185	14	293.44	1.98808
12	185	15	280.564	1.90758
12	185	16	296.354	1.99921
12	185	17	278.251	1.86938
12	185	18	274.171	2.22444
12	185	19	282.9	1.92152
12	185	20	287.252	1.93442
12	185	21	273.338	1.85116
12	185	22	276.975	1.86393
12	185	23	274.734	1.85827
12	185	24	276.734	1.87337
12	185	25	284.087	1.93888
12	185	26	268.405	1.81835
12	185	27	283.86	2.36153
12	185	28	304.036	2.52955
12	185	29	409.646	11.8769
12	185	30	278.416	1.90094
12	185	31	293.052	2.00046
12	185	32	296.766	2.0655
12	185	33	292.18	2.06814
12	185	34	284.054	2.64367
12	185	35	294.082	2.74022
12	186	0	273.081	4.43457
12	186	1	266.69	4.40349
12	186	2	261.101	4.15926
12	186	3	273.698	4.51554
12	186	4	276.533	4.43663
12	186	5	263.793	5.35031
12	186	6	260.504	5.29738
12	186	7	254.395	4.07154
12	186	8	264.167	4.43254
12	186	9	265.292	4.53302
12	186	10	280.658	4.49555
12	186	11	274.51	5.71199
12	186	12	261.466	5.32419
12	186	13	267.284	5.55638
12	186	14	261.087	5.47129
12	186	15	271.985	4.48728
12	186	16	276.002	4.37015
12	186	17	264.507	4.30155
12	186	18	254.325	4.90614
12	186	19	260.535	5.01922
12	186	20	257.286	5.19655
12	186	21	259.826	5.16967
12	186	22	261.442	5.31406
12	186	23	259.98	5.28805
12	186	24	276.288	5.32161
12	186	25	270.711	5.32038
12	186	26	267.676	5.26031
12	186	27	270.837	5.33133
12	186	28	266.623	5.21212
12	186	29	278.038	5.33992
12	186	30	270.586	5.21843
12	186	31	245.53	4.71338
12	186	32	268.263	5.50798
12	186	33	257.062	5.15784
12	186	34	260.389	5.12704
12	186	35	256.118	4.98639
12	187	0	282.91	5.35452
12	187	1	296.214	5.70418
12	187	2	283.023	5.62523
12	187	3	288.026	5.45674
12	187	4	293.283	3.79015
12	187	5	288.365	3.84102
12	187	6	290.677	5.65307
12	187	7	309.57	5.80945
12	187	8	289.344	5.37241
12	187	9	291.977	5.5431
12	187	10	306.984	6.46008
12	187	11	295.85	3.97754
12	187	12	283.419	5.20945
12	187	13	288.053	5.55714
12	187	14	283.118	5.41622
12	187	15	293.426	5.55617
12	187	16	302.776	6.13947
12	187	17	296.998	5.83888
12	187	18	295.306	5.54381
12	187	19	293.658	5.17649
12	187	20	285.236	5.29434
12	187	21	297.126	5.52691
12	187	22	295.092	5.40561
12	187	23	306.802	5.94744
12	187	24	289.914	5.31537
12	187	25	277.008	5.03862
12	187	26	292.98	5.58577
12	187	27	290.965	5.26535
12	187	28	282.553	5.22683
12	187	29	297.499	3.84677
12	187	30	303.069	5.60025
12	187	31	307.3	5.55839
12	187	32	301.111	5.48909
12	187	33	292.733	5.61259
12	187	34	287.023	5.46342
12	187	35	297.337	5.95886
12	188	0	236.875	3.87289
12	188	1	242.975	4.05414
12	188	2	270.515	4.65285
12	188	3	256.017	4.30107
12	188	4	264.119	4.88508
12	188	5	268.49	4.63133
12	188	6	261.154	4.63335
12	188	7	253.375	4.2696
12	188	8	264.486	4.60679
12	188	9	254.395	4.2367
12	188	10	258.851	4.26699
12	188	11	267.104	4.60795
12	188	12	338.116	4.69001
12	188	13	242.042	3.89152
12	188	14	260.963	4.49112
12	188	15	266.35	4.46552
12	188	16	274.251	4.90384
12	188	17	254.475	4.24386
12	188	18	259.389	4.40001
12	188	19	258.33	4.47187
12	188	20	266.709	4.58051
12	188	21	253.868	4.18013
12	188	22	246.085	4.14468
12	188	23	268.593	4.45339
12	188	24	251.543	4.54936
12	188	25	257.258	4.26384
12	188	26	250.613	4.35722
12	188	27	249.452	4.03491
12	188	28	261.441	4.52902
12	188	29	254.326	4.31574
12	188	30	253.25	4.23601
12	188	31	256.633	4.36347
12	188	32	247.704	4.03984
12	188	33	249.226	4.20883
12	188	34	257.348	4.48073
12	188	35	259.127	4.33154
12	189	0	235.262	2.81593
12	189	1	229.201	2.74989
12	189	2	229.356	3.01692
12	189	3	247.01	3.06273
12	189	4	230.958	2.85157
12	189	5	223.699	2.72068
12	189	6	235.484	4.27651
12	189	7	236.396	2.878
12	189	8	236.696	4.24596
12	189	9	230.319	2.77427
12	189	10	234.367	2.74918
12	189	11	232.989	2.84252
12	189	12	229.102	4.15961
12	189	13	227.384	4.1964
12	189	14	234.712	4.15651
12	189	15	236.917	4.21627
12	189	16	223.824	2.48052
12	189	17	238.223	2.79309
12	189	18	238.048	4.22292
12	189	19	230.866	4.12327
12	189	20	239.529	4.31501
12	189	21	221.211	3.99942
12	189	22	227.126	4.11116
12	189	23	220.086	3.98963
12	189	24	224.736	4.07621
12	189	25	221.121	3.91708
12	189	26	228.836	4.00252
12	189	27	237.646	4.23382
12	189	28	225.896	3.96151
12	189	29	232.932	4.08632
12	189	30	223.484	3.9684
12	189	31	225.355	3.93433
12	189	32	230.572	4.00147
12	189	33	222.777	3.85554
12	189	34	230.521	3.89901
12	189	35	227.43	3.99014
12	190	0	261.424	2.88743
12	190	1	269.253	3.11934
12	190	2	250.677	2.74112
12	190	3	269.06	3.04194
12	190	4	262.698	3.13021
12	190	5	262.768	3.09202
12	190	6	258.805	2.89082
12	190	7	260.462	2.95448
12	190	8	261.791	2.96016
12	190	9	260.924	2.92586
12	190	10	270.141	3.18226
12	190	11	259.099	2.96182
12	190	12	259.632	2.9587
12	190	13	259.978	2.86923
12	190	14	267.848	3.02821
12	190	15	256.132	2.82581
12	190	16	259.999	2.94657
12	190	17	258.65	3.02225
12	190	18	252.316	2.69078
12	190	19	258.677	2.72924
12	190	20	276.811	3.02376
12	190	21	259.028	2.85099
12	190	22	261.701	2.82259
12	190	23	261.786	2.84575
12	190	24	258.924	2.77702
12	190	25	260.093	2.92456
12	190	26	254.304	2.72566
12	190	27	254.977	2.8202
12	190	28	256.029	2.66105
12	190	29	258.563	2.74913
12	190	30	253.305	2.65217
12	190	31	257.588	2.573
12	190	32	254.1	2.67629
12	190	33	251.094	2.59913
12	190	34	238.753	2.51301
12	190	35	256.788	4.72219
12	191	0	267.234	5.55628
12	191	1	272.276	5.61856
12	191	2	266.95	5.4348
12	191	3	268.281	5.23472
12	191	4	258.755	5.2351
12	191	5	251.108	4.80322
12	191	6	275.37	5.70567
12	191	7	263.326	5.61243
12	191	8	255.819	5.00873
12	191	9	279.868	5.77628
12	191	10	282.789	5.79117
12	191	11	269.174	5.30696
12	191	12	264.908	5.73104
12	191	13	281.2	5.87981
12	191	14	266.162	5.10825
12	191	15	266.016	5.01833
12	191	16	269.028	5.73487
12	191	17	266.28	5.15293
12	191	18	273.157	5.5577
12	191	19	268.187	5.04777
12	191	20	260.527	5.30749
12	191	21	263.977	5.193
12	191	22	276.014	5.62636
12	191	23	270.187	5.41739
12	191	24	263.235	5.07956
12	191	25	267.229	5.17393
12	191	26	270.774	5.68034
12	191	27	268.784	5.45415
12	191	28	261.549	5.13215
12	191	29	261.734	5.44766
12	191	30	259.674	5.1517
12	191	31	264.617	4.80172
12	191	32	246.84	4.69396
12	191	33	261.169	4.99792
12	191	34	261.689	5.35225
12	191	35	266.016	5.16461
12	192	0	277.519	5.78168
12	192	1	252.484	4.75982
12	192	2	251	4.59806
12	192	3	261.459	4.5878
12	192	4	252.138	4.40681
12	192	5	242.476	4.25421
12	192	6	263.053	3.58475
12	192	7	266.41	5.30077
12	192	8	253.513	4.46232
12	192	9	263.741	4.76902
12	192	10	251.325	4.42404
12	192	11	258.405	4.73543
12	192	12	283.041	6.22306
12	192	13	268.181	5.06021
12	192	14	263.359	4.73891
12	192	15	247.701	4.36797
12	192	16	260.934	4.61407
12	192	17	261.781	4.46629
12	192	18	265.678	5.0757
12	192	19	258.884	4.85536
12	192	20	260.081	4.66958
12	192	21	253.95	4.46878
12	192	22	255.881	4.39601
12	192	23	263.316	4.77409
12	192	24	255.511	5.06723
12	192	25	258.559	4.68077
12	192	26	266.599	4.69339
12	192	27	254.086	4.37225
12	192	28	241.279	4.24167
12	192	29	253.818	4.32564
12	192	30	257.831	4.60522
12	192	31	259.08	4.6401
12	192	32	263.215	4.80966
12	192	33	246.51	4.31586
12	192	34	254.038	4.40522
12	192	35	255.318	4.40595
12	193	0	254.223	4.71171
12	193	1	263.425	4.79442
12	193	2	261.437	4.71725
12	193	3	259.958	4.79255
12	193	4	253.535	4.27548
12	193	5	250.303	4.29092
12	193	6	278.049	5.6017
12	193	7	268.674	5.28125
12	193	8	266.216	4.94752
12	193	9	265.212	4.57059
12	193	10	259.979	4.52325
12	193	11	253.252	4.26289
12	193	12	277.909	5.47224
12	193	13	262.975	4.92729
12	193	14	274.637	5.36916
12	193	15	268.275	4.94499
12	193	16	276.511	5.0801
12	193	17	260.526	4.39743
12	193	18	283.641	5.74998
12	193	19	288.802	6.00973
12	193	20	286.204	5.76837
12	193	21	279.856	5.22471
12	193	22	265.373	4.80282
12	193	23	265.374	4.47085
12	193	24	291.136	5.79839
12	193	25	285.831	5.87415
12	193	26	262.805	4.77721
12	193	27	258.316	4.57164
12	193	28	273.227	4.93092
12	193	29	266.117	4.79813
12	193	30	282.474	5.62234
12	193	31	279.321	5.44731
12	193	32	263.745	4.87194
12	193	33	261.333	4.54691
12	193	34	252.033	4.21018
12	193	35	258.432	4.38818
12	194	0	283.04	4.66291
12	194	1	284.184	4.78488
12	194	2	271.165	4.63657
12	194	3	288.698	4.86055
12	194	4	295.098	4.9719
12	194	5	269.81	4.41462
12	194	6	294.421	5.15061
12	194	7	279.213	4.65711
12	194	8	281.323	4.82689
12	194	9	290.517	5.0523
12	194	10	281.712	4.95066
12	194	11	273.571	4.60976
12	194	12	283.977	4.68579
12	194	13	274.538	4.85436
12	194	14	286.235	4.85683
12	194	15	293.281	4.95155
12	194	16	285.778	4.84368
12	194	17	275.684	5.06659
12	194	18	288.037	4.68168
12	194	19	290.341	5.14874
12	194	20	298.358	5.14418
12	194	21	276.335	4.6453
12	194	22	294.766	5.02469
12	194	23	275.928	4.47185
12	194	24	295.186	4.83864
12	194	25	293.074	4.78653
12	194	26	292.184	4.8409
12	194	27	286.727	4.75715
12	194	28	267.066	4.45221
12	194	29	279.974	4.66766
12	194	30	283.705	4.62141
12	194	31	279.552	4.57622
12	194	32	281.527	4.50335
12	194	33	273.294	4.47557
12	194	34	261.357	4.08649
12	194	35	272.013	4.37448
12	195	0	299.884	5.46038
12	195	1	301.137	5.7461
12	195	2	299.115	5.49458
12	195	3	297.93	5.61676
12	195	4	284.969	5.21969
12	195	5	307.2	5.62264
12	195	6	292.075	5.52113
12	195	7	279.314	5.0875
12	195	8	285.105	5.31913
12	195	9	303.006	5.62169
12	195	10	307.725	5.76758
12	195	11	285.516	5.33239
12	195	12	285.493	4.692
12	195	13	302.293	5.60208
12	195	14	301.958	5.44902
12	195	15	293.332	5.43018
12	195	16	288.583	5.36121
12	195	17	294.72	5.37543
12	195	18	280.802	5.12113
12	195	19	305.288	5.55235
12	195	20	301.307	5.62459
12	195	21	287.986	5.29304
12	195	22	303.673	5.68965
12	195	23	287.406	5.46514
12	195	24	298.831	5.45282
12	195	25	295.473	5.46243
12	195	26	297.141	5.47014
12	195	27	299.977	5.6003
12	195	28	307.888	5.75094
12	195	29	302.515	5.81286
12	195	30	303.554	5.61643
12	195	31	299.827	5.626
12	195	32	308.882	5.84242
12	195	33	306.483	6.10871
12	195	34	300.076	5.9853
12	195	35	290.661	5.48709
12	196	0	221.093	3.80789
12	196	1	225.146	3.85364
12	196	2	231.109	3.92839
12	196	3	231.885	3.97376
12	196	4	240.348	4.13181
12	196	5	232.809	4.02105
12	196	6	232.224	3.96758
12	196	7	222.836	3.82304
12	196	8	241.002	4.17242
12	196	9	230.625	4.05868
12	196	10	227.576	3.94071
12	196	11	231.074	3.97794
12	196	12	234.89	4.06988
12	196	13	227.699	4.00662
12	196	14	249.472	4.34507
12	196	15	237.259	4.15201
12	196	16	235.725	4.28737
12	196	17	231.231	4.106
12	196	18	223.655	3.86272
12	196	19	236.908	4.23183
12	196	20	238.671	4.44049
12	196	21	234.471	4.25148
12	196	22	240.561	4.40514
12	196	23	233.112	4.19807
12	196	24	235.897	4.33908
12	196	25	230.366	4.40437
12	196	26	245.526	4.85476
12	196	27	246.593	4.92869
12	196	28	246.646	4.78191
12	196	29	234.401	4.60791
12	196	30	232.405	4.33174
12	196	31	233.868	4.69345
12	196	32	242.994	5.49282
12	196	33	246.831	5.34199
12	196	34	245.406	5.55313
12	196	35	245.243	5.2011
12	197	0	230.456	4.07401
12	197	1	241.403	4.31338
12	197	2	247.272	4.41835
12	197	3	237.409	4.26317
12	197	4	234.053	4.06121
12	197	5	239.94	4.15861
12	197	6	232.365	3.97186
12	197	7	238.492	4.28967
12	197	8	236.253	4.21227
12	197	9	237.704	4.21286
12	197	10	243.678	4.40113
12	197	11	240.452	4.18567
12	197	12	253.762	4.38839
12	197	13	241.694	4.26848
12	197	14	250.084	4.40091
12	197	15	250.069	4.57519
12	197	16	245.987	4.38588
12	197	17	240.618	4.04532
12	197	18	252.082	4.53389
12	197	19	236.335	3.89836
12	197	20	251.888	4.32787
12	197	21	245.525	4.17653
12	197	22	248.438	4.56054
12	197	23	250.215	4.26012
12	197	24	229.354	3.79431
12	197	25	245.179	4.38041
12	197	26	241.232	4.1318
12	197	27	238.503	3.9663
12	197	28	227.897	3.85222
12	197	29	260.061	4.35862
12	197	30	230.399	3.95115
12	197	31	246.955	4.25667
12	197	32	250.498	4.38362
12	197	33	250.884	4.2524
12	197	34	246.89	4.30187
12	197	35	235.118	3.94769
12	198	0	279.232	5.14405
12	198	1	275.275	5.35342
12	198	2	276.565	5.5562
12	198	3	292.459	5.98515
12	198	4	296.432	6.11837
12	198	5	286.559	6.19956
12	198	6	290.56	5.47653
12	198	7	292.79	5.59647
12	198	8	292.792	5.97591
12	198	9	288.014	5.94468
12	198	10	280.686	5.76429
12	198	11	292.988	4.35532
12	198	12	278.548	5.35189
12	198	13	278.229	5.43151
12	198	14	289.658	5.45862
12	198	15	288.435	5.4703
12	198	16	289.622	5.95343
12	198	17	293.005	4.91632
12	198	18	278.887	5.14944
12	198	19	275.288	5.01165
12	198	20	298.354	5.79313
12	198	21	293.112	5.68126
12	198	22	291.046	5.86152
12	198	23	299.025	4.5967
12	198	24	298.049	5.73971
12	198	25	288.277	5.59655
12	198	26	271.517	5.25695
12	198	27	290.059	5.79238
12	198	28	293.852	5.88509
12	198	29	300.563	4.41252
12	198	30	286.774	5.46195
12	198	31	278.739	5.19934
12	198	32	297.238	5.66619
12	198	33	283.055	5.4538
12	198	34	286.917	5.80003
12	198	35	286.33	6.02804
12	199	0	250.922	4.20012
12	199	1	258.499	4.36638
12	199	2	254.142	4.31899
12	199	3	245.431	4.00078
12	199	4	257.714	4.28711
12	199	5	259.257	4.27385
12	199	6	255.223	4.25507
12	199	7	272.232	4.49615
12	199	8	250.181	4.13095
12	199	9	253.878	4.15606
12	199	10	256.754	4.20953
12	199	11	252.703	4.26387
12	199	12	243.734	4.12755
12	199	13	254.064	4.36892
12	199	14	263.837	4.48507
12	199	15	261.111	4.49309
12	199	16	252.423	4.29674
12	199	17	267.173	4.48159
12	199	18	253.884	4.36822
12	199	19	267.546	4.61238
12	199	20	266.832	4.69989
12	199	21	254.699	4.41268
12	199	22	263.462	4.56933
12	199	23	254.448	4.3886
12	199	24	266.598	4.82872
12	199	25	270.379	5.05108
12	199	26	264.289	4.93554
12	199	27	270.081	5.15649
12	199	28	258.216	4.81217
12	199	29	261.108	4.65714
12	199	30	260.245	4.97795
12	199	31	272.964	5.63594
12	199	32	272.686	5.79534
12	199	33	285.73	6.24988
12	199	34	252.458	5.15827
12	199	35	270.367	5.0271
12	200	0	263.05	4.80962
12	200	1	254.932	4.70718
12	200	2	272.105	4.88196
12	200	3	255.16	4.65062
12	200	4	241.749	4.35687
12	200	5	262.445	4.67946
12	200	6	266.947	4.92958
12	200	7	249.083	4.40944
12	200	8	261.46	4.77441
12	200	9	268.344	4.75613
12	200	10	260.398	4.74903
12	200	11	246.436	4.51654
12	200	12	255.15	4.72938
12	200	13	261.998	4.62267
12	200	14	253.328	4.44059
12	200	15	285.732	4.99765
12	200	16	270.031	4.59627
12	200	17	262.179	4.63519
12	200	18	269.611	5.03914
12	200	19	254.861	4.64543
12	200	20	246.562	4.30682
12	200	21	254.697	4.3815
12	200	22	255.763	4.47104
12	200	23	266.856	4.77567
12	200	24	266.686	3.45293
12	200	25	265.624	5.03206
12	200	26	260.638	4.5653
12	200	27	253.752	4.42845
12	200	28	252.399	4.51004
12	200	29	257.941	4.52612
12	200	30	269.769	3.71297
12	200	31	253.313	3.1859
12	200	32	240.101	4.44275
12	200	33	263.334	4.74816
12	200	34	262.372	4.76515
12	200	35	262.991	4.53124
13	201	0	231.082	1.50394
13	201	1	243.308	1.59727
13	201	2	245.495	1.60685
13	201	3	248.046	1.62732
13	201	4	243.122	1.59129
13	201	5	241.256	1.57526
13	201	6	238.89	1.55874
13	201	7	245.275	1.5981
13	201	8	251.753	1.64398
13	201	9	243.967	1.59341
13	201	10	245.802	1.60339
13	201	11	234.25	1.5251
13	201	12	255.613	1.67349
13	201	13	233.681	1.52321
13	201	14	243.808	1.58615
13	201	15	249.754	1.63588
13	201	16	241.043	1.57107
13	201	17	244.848	1.60005
13	201	18	252.386	1.64095
13	201	19	247.332	1.61271
13	201	20	231.936	1.51457
13	201	21	244.844	1.59916
13	201	22	250.368	1.62672
13	201	23	243.314	1.58347
13	201	24	250.455	1.63074
13	201	25	242.822	1.58129
13	201	26	247.351	1.61684
13	201	27	254.193	1.66391
13	201	28	244.92	1.58814
13	201	29	381.007	10.04
13	201	30	246.301	1.60515
13	201	31	248.475	1.60721
13	201	32	236.419	1.54432
13	201	33	238.726	1.55932
13	201	34	242.237	1.58165
13	201	35	245.75	1.61514
13	202	0	285.722	6.04291
13	202	1	289.859	6.82594
13	202	2	291.775	6.7991
13	202	3	299.06	7.09925
13	202	4	301.114	6.61579
13	202	5	285.614	5.97935
13	202	6	283.471	6.02334
13	202	7	296.016	6.84465
13	202	8	306.451	7.07801
13	202	9	299.616	7.19569
13	202	10	297.801	7.12338
13	202	11	283.519	6.18178
13	202	12	288.438	6.22739
13	202	13	280.065	6.16829
13	202	14	272.777	5.81369
13	202	15	296.452	6.95993
13	202	16	286.798	6.41272
13	202	17	267.024	4.86269
13	202	18	282.305	5.6475
13	202	19	283.383	5.81328
13	202	20	271.042	5.54704
13	202	21	281.216	5.87191
13	202	22	288.647	5.70732
13	202	23	276.03	5.54773
13	202	24	268.26	5.14907
13	202	25	276.408	5.47933
13	202	26	262.167	5.1333
13	202	27	286.055	5.65306
13	202	28	270.257	5.26061
13	202	29	275.005	5.36879
13	202	30	274.202	5.46652
13	202	31	273.842	5.3359
13	202	32	266.594	5.20694
13	202	33	268.253	5.37365
13	202	34	260.322	4.97751
13	202	35	269.372	5.21661
13	203	0	267.45	3.89929
13	203	1	265.744	3.9233
13	203	2	280.876	4.12863
13	203	3	283.31	4.11767
13	203	4	275.85	4.25643
13	203	5	277.868	4.04167
13	203	6	271.91	5.3161
13	203	7	286.455	3.99457
13	203	8	290.558	4.04852
13	203	9	275.336	4.11144
13	203	10	286.55	4.24509
13	203	11	273.201	4.33909
13	203	12	273.565	5.33306
13	203	13	278.052	3.85941
13	203	14	287.146	4.19389
13	203	15	280.17	4.37575
13	203	16	292.896	4.48475
13	203	17	278.53	4.05284
13	203	18	273.176	5.17679
13	203	19	274.31	5.20979
13	203	20	290.065	4.15619
13	203	21	282.577	4.08178
13	203	22	286.486	4.36421
13	203	23	270.522	4.01082
13	203	24	276.171	5.23385
13	203	25	282.406	5.63209
13	203	26	278.803	3.87756
13	203	27	279.329	3.8902
13	203	28	272.053	3.7948
13	203	29	268.096	3.74248
13	203	30	272.82	5.35007
13	203	31	274.085	5.39572
13	203	32	287.45	5.91511
13	203	33	286.979	4.3701
13	203	34	290.113	4.06554
13	203	35	273.908	3.87541
13	204	0	251.571	5.37018
13	204	1	246.309	4.86769
13	204	2	248.297	5.46311
13	204	3	239.076	5.39341
13	204	4	243.484	3.20347
13	204	5	238.219	3.31719
13	204	6	254.892	5.56377
13	204	7	249.336	5.75637
13	204	8	258.788	5.44064
13	204	9	252.106	5.53921
13	204	10	244.49	3.42087
13	204	11	248.077	5.43346
13	204	12	240.729	5.22383
13	204	13	251.538	5.50623
13	204	14	254.938	5.6773
13	204	15	260.829	5.71922
13	204	16	240.63	5.32551
13	204	17	240.695	5.26754
13	204	18	239.55	5.60428
13	204	19	245.049	5.44206
13	204	20	241.301	5.40809
13	204	21	246.613	5.50702
13	204	22	253.912	5.75193
13	204	23	255.05	5.48391
13	204	24	256.08	5.24215
13	204	25	242.241	5.31699
13	204	26	244.795	5.32791
13	204	27	258.865	5.59958
13	204	28	246.931	3.53936
13	204	29	259.094	5.75241
13	204	30	251.564	5.24914
13	204	31	244.311	5.27649
13	204	32	250.309	5.35894
13	204	33	261.339	6.00313
13	204	34	245.27	5.61574
13	204	35	241.836	5.13211
13	205	0	286.43	5.94187
13	205	1	271.13	5.10974
13	205	2	278.05	5.60248
13	205	3	304.121	6.60064
13	205	4	303.759	5.97142
13	205	5	290.402	5.72661
13	205	6	290.829	5.66544
13	205	7	283.552	5.77382
13	205	8	297.046	5.66621
13	205	9	301.476	6.11698
13	205	10	295.137	5.76991
13	205	11	280.83	5.31017
13	205	12	297.741	5.95633
13	205	13	282.711	5.37284
13	205	14	295.914	6.10562
13	205	15	289.247	5.22758
13	205	16	285.481	5.37796
13	205	17	299.972	6.0347
13	205	18	278.093	4.8298
13	205	19	290.942	5.28877
13	205	20	288.281	5.52253
13	205	21	285.476	5.56871
13	205	22	300.892	6.13862
13	205	23	276.301	5.26064
13	205	24	285	5.07015
13	205	25	276.605	4.97471
13	205	26	294.022	5.45023
13	205	27	286.735	5.08705
13	205	28	281.563	5.11956
13	205	29	288.075	5.73745
13	205	30	284.031	5.08717
13	205	31	291.241	5.57538
13	205	32	286.053	5.13522
13	205	33	268.255	4.95692
13	205	34	290.501	5.42513
13	205	35	285.194	5.12278
13	206	0	259.876	3.90072
13	206	1	257.465	3.6615
13	206	2	254.061	3.60496
13	206	3	240.787	3.34609
13	206	4	250.088	3.76424
13	206	5	258.66	3.98932
13	206	6	266.573	3.65971
13	206	7	243.106	3.27684
13	206	8	247.429	3.41671
13	206	9	268.919	3.95976
13	206	10	252.949	3.98534
13	206	11	255.904	4.00149
13	206	12	252.848	3.64508
13	206	13	248.736	3.69431
13	206	14	247.661	3.44973
13	206	15	266.068	3.97209
13	206	16	261.054	3.56533
13	206	17	254.926	3.93463
13	206	18	251.126	3.4241
13	206	19	246.237	3.40913
13	206	20	250.605	3.35254
13	206	21	248.663	3.52307
13	206	22	262.398	3.85239
13	206	23	259.511	3.95861
13	206	24	242.943	3.26699
13	206	25	260.305	3.67044
13	206	26	250.592	3.55571
13	206	27	268.222	3.83846
13	206	28	251.75	3.50349
13	206	29	244.26	3.31273
13	206	30	246.786	3.32743
13	206	31	239.656	3.26099
13	206	32	259.213	3.84844
13	206	33	261.833	3.76862
13	206	34	260.249	3.68497
13	206	35	256.19	3.54804
13	207	0	262.284	5.22961
13	207	1	258.078	4.97188
13	207	2	263.483	5.01909
13	207	3	268.141	5.09461
13	207	4	259.7	4.83486
13	207	5	242.119	4.38769
13	207	6	266.934	4.99449
13	207	7	261.792	4.88243
13	207	8	252.801	4.9793
13	207	9	260.386	4.91518
13	207	10	253.924	4.71774
13	207	11	248.89	4.61163
13	207	12	262.81	4.95966
13	207	13	262.43	4.95348
13	207	14	246.84	4.05968
13	207	15	267.704	4.9943
13	207	16	256.665	4.76759
13	207	17	250.401	4.67874
13	207	18	261.649	4.75674
13	207	19	262.485	4.95985
13	207	20	252.415	4.63574
13	207	21	246.472	4.1
13	207	22	259.563	4.78213
13	207	23	264.428	4.82865
13	207	24	268.718	4.9887
13	207	25	260.312	4.90306
13	207	26	254.481	5.00548
13	207	27	237.85	4.32141
13	207	28	260.32	4.8925
13	207	29	256.037	4.7147
13	207	30	275.098	5.29773
13	207	31	262.392	4.7554
13	207	32	265.777	4.83061
13	207	33	272.316	5.02791
13	207	34	252.315	4.56826
13	207	35	251.969	4.66309
13	208	0	247.327	3.40311
13	208	1	255.201	3.32241
13	208	2	253.956	3.27238
13	208	3	253.981	4.65796
13	208	4	254.934	4.65546
13	208	5	254.522	4.66954
13	208	6	249.439	3.46355
13	208	7	252.547	3.35079
13	208	8	262.533	3.48897
13	208	9	259.386	4.83338
13	208	10	246.822	4.58097
13	208	11	236.046	4.28791
13	208	12	268.49	3.66531
13	208	13	253.305	3.24723
13	208	14	248.24	3.1748
13	208	15	244.327	4.50558
13	208	16	261.827	4.85052
13	208	17	249.687	4.53576
13	208	18	258.56	3.45161
13	208	19	259.723	3.30216
13	208	20	247.366	4.57782
13	208	21	260.018	4.82255
13	208	22	252.191	4.66115
13	208	23	263.302	4.77955
13	208	24	248.508	3.27843
13	208	25	259.472	3.2886
13	208	26	247.328	4.51388
13	208	27	241.204	4.45242
13	208	28	264.624	4.78907
13	208	29	249.683	4.49558
13	208	30	256.855	3.36309
13	208	31	250.363	4.43309
13	208	32	259.671	4.79005
13	208	33	254.992	4.75624
13	208	34	257.374	4.66535
13	208	35	258.789	4.64931
13	209	0	263.461	4.98641
13	209	1	278.26	5.15136
13	209	2	285.987	4.98967
13	209	3	280.54	4.85452
13	209	4	278.716	4.80653
13	209	5	268.329	4.48551
13	209	6	284.919	5.38055
13	209	7	281.796	5.28522
13	209	8	276.922	4.93754
13	209	9	310.056	7.63397
13	209	10	266.287	4.78931
13	209	11	274.463	4.95271
13	209	12	280.845	5.42101
13	209	13	284.182	5.45937
13	209	14	283.385	5.58108
13	209	15	283.386	5.36421
13	209	16	282.619	4.96573
13	209	17	287.838	5.18838
13	209	18	295.726	5.64171
13	209	19	280.506	5.68524
13	209	20	284.493	5.24163
13	209	21	287.117	5.10371
13	209	22	289.78	5.29201
13	209	23	268.753	4.78025
13	209	24	291.544	5.32759
13	209	25	295.309	5.99336
13	209	26	276.196	5.02226
13	209	27	274.42	4.84828
13	209	28	274.782	4.69875
13	209	29	270.615	4.5364
13	209	30	286.435	5.28366
13	209	31	305.53	6.16804
13	209	32	300.765	5.77115
13	209	33	280.153	4.75231
13	209	34	284.473	4.97827
13	209	35	276.675	4.68137
13	210	0	277.164	5.90535
13	210	1	265.567	5.45793
13	210	2	270.49	5.69731
13	210	3	257.541	5.36351
13	210	4	274.587	5.8466
13	210	5	271.253	5.3172
13	210	6	281.07	5.87817
13	210	7	283.573	5.79313
13	210	8	282.054	5.69273
13	210	9	265.791	5.86607
13	210	10	275.285	5.71499
13	210	11	259.689	5.18286
13	210	12	257.271	5.51156
13	210	13	274.126	5.96301
13	210	14	273.112	5.83919
13	210	15	265.446	5.97322
13	210	16	283.861	6.03039
13	210	17	277.211	5.47565
13	210	18	272.54	5.74508
13	210	19	259.1	4.82842
13	210	20	262.416	5.40304
13	210	21	265.271	5.88294
13	210	22	270.45	5.63493
13	210	23	282.716	6.6462
13	210	24	273.15	5.50793
13	210	25	281.557	6.01161
13	210	26	273.803	5.99803
13	210	27	264.193	5.12869
13	210	28	272.497	4.74589
13	210	29	268.695	4.58889
13	210	30	267.85	5.25893
13	210	31	282.789	5.98373
13	210	32	265.176	5.56956
13	210	33	276.332	5.93644
13	210	34	260.932	5.26789
13	210	35	258.822	4.95478
13	211	0	272.898	4.2271
13	211	1	276.65	4.48283
13	211	2	289.782	4.73662
13	211	3	269.824	4.08274
13	211	4	266.998	4.60741
13	211	5	267.067	4.09109
13	211	6	275.968	7.05846
13	211	7	268.218	4.39907
13	211	8	287.618	4.97315
13	211	9	263.183	4.41354
13	211	10	253.899	3.80391
13	211	11	267.799	4.26487
13	211	12	270.509	4.16501
13	211	13	272.627	4.1264
13	211	14	272.624	4.44786
13	211	15	271.537	4.15769
13	211	16	273.406	4.43877
13	211	17	279.297	4.56521
13	211	18	262.612	4.08969
13	211	19	266.948	4.1382
13	211	20	269.599	4.3399
13	211	21	275.328	4.70871
13	211	22	272.182	4.47059
13	211	23	281.459	4.51132
13	211	24	273.977	4.22848
13	211	25	280.587	5.05522
13	211	26	284.916	4.58352
13	211	27	287.937	4.80277
13	211	28	285.104	5.16628
13	211	29	281.497	5.47287
13	211	30	265.57	4.23625
13	211	31	301.493	5.75812
13	211	32	292.425	5.18437
13	211	33	282.373	5.07625
13	211	34	276.054	4.72756
13	211	35	269.665	4.49148
13	212	0	237.707	4.17652
13	212	1	235.177	4.04098
13	212	2	236.478	4.08842
13	212	3	243.546	4.39348
13	212	4	239.319	4.26718
13	212	5	240.916	4.14089
13	212	6	232.087	3.96024
13	212	7	243.11	4.64236
13	212	8	237.462	4.10576
13	212	9	251.673	4.48959
13	212	10	238.321	4.09611
13	212	11	234.378	4.11771
13	212	12	234.016	4.0447
13	212	13	238.197	4.14033
13	212	14	238.679	4.28065
13	212	15	226.823	4.20148
13	212	16	234.394	4.09447
13	212	17	243.334	4.35189
13	212	18	230.954	4.04117
13	212	19	234.667	4.16885
13	212	20	240.631	4.51954
13	212	21	243.134	4.58081
13	212	22	242.81	4.32291
13	212	23	245.244	4.32937
13	212	24	246.641	4.57707
13	212	25	226.58	4.06443
13	212	26	234.613	4.29694
13	212	27	233.062	4.49366
13	212	28	231.661	4.36965
13	212	29	240.583	4.56326
13	212	30	238.097	4.3909
13	212	31	237.556	4.73881
13	212	32	255.412	5.49828
13	212	33	233.795	4.7893
13	212	34	242.315	4.78888
13	212	35	244.247	4.89392
13	213	0	287.727	5.79907
13	213	1	299.072	6.59598
13	213	2	297.782	6.68207
13	213	3	278.978	5.6531
13	213	4	272.374	5.43657
13	213	5	295.877	6.04282
13	213	6	288.541	5.99491
13	213	7	278.466	5.40944
13	213	8	278.812	5.71616
13	213	9	295.866	6.38826
13	213	10	299.092	6.31635
13	213	11	285.188	5.55277
13	213	12	290.047	6.00507
13	213	13	290.327	5.43135
13	213	14	282.666	5.75717
13	213	15	299.743	5.98707
13	213	16	286.845	6.11798
13	213	17	298.669	5.70365
13	213	18	283.91	5.28712
13	213	19	298.758	5.66108
13	213	20	296.796	6.01371
13	213	21	283.332	5.44819
13	213	22	297.91	5.84203
13	213	23	296.204	5.89262
13	213	24	290.275	6.16372
13	213	25	291.318	6.36971
13	213	26	282.465	5.15832
13	213	27	283.467	5.54109
13	213	28	293.068	5.71329
13	213	29	299.432	5.86829
13	213	30	286.296	5.36961
13	213	31	280.58	5.11448
13	213	32	282.124	5.78084
13	213	33	284.834	5.83016
13	213	34	276.295	4.66579
13	213	35	300.151	6.56178
13	214	0	238.148	3.62421
13	214	1	251.448	3.86097
13	214	2	256.87	4.11859
13	214	3	254.288	4.20741
13	214	4	250.838	4.40358
13	214	5	253.291	4.37547
13	214	6	233.14	3.73234
13	214	7	245.107	3.87312
13	214	8	246.17	3.97787
13	214	9	246.446	3.97915
13	214	10	257.213	4.23973
13	214	11	250.566	4.57753
13	214	12	246.612	3.68902
13	214	13	239.582	3.66166
13	214	14	249.106	4.17421
13	214	15	248.087	4.02778
13	214	16	242.266	3.72892
13	214	17	255.791	4.49614
13	214	18	238.327	3.78931
13	214	19	240.925	3.99586
13	214	20	255.976	4.22102
13	214	21	248.6	4.28015
13	214	22	246.419	4.24091
13	214	23	258.213	4.62854
13	214	24	254.347	4.2393
13	214	25	245.989	3.78474
13	214	26	245.323	4.19426
13	214	27	240.775	3.74348
13	214	28	259.354	4.58472
13	214	29	247.871	4.64782
13	214	30	241.537	3.99482
13	214	31	238.248	3.82078
13	214	32	239.709	3.81655
13	214	33	252.816	4.29358
13	214	34	248.212	4.02056
13	214	35	252.476	4.34417
13	215	0	284.619	4.85961
13	215	1	264.785	4.73639
13	215	2	272.273	4.93846
13	215	3	274.601	4.72911
13	215	4	264.679	4.5327
13	215	5	272.643	4.52133
13	215	6	279.426	4.77481
13	215	7	275.181	4.7335
13	215	8	268.077	4.50115
13	215	9	268.36	4.59262
13	215	10	281.661	4.88668
13	215	11	275.831	4.73193
13	215	12	275.72	4.9852
13	215	13	270.88	4.60855
13	215	14	269.277	4.754
13	215	15	275.745	4.68422
13	215	16	268.724	4.73004
13	215	17	280.948	4.82682
13	215	18	270.168	4.72758
13	215	19	273.842	4.92537
13	215	20	280.996	5.14635
13	215	21	269.561	4.85726
13	215	22	279.132	4.635
13	215	23	289.739	5.03469
13	215	24	269.606	5.0288
13	215	25	274.037	5.03449
13	215	26	285.035	5.54588
13	215	27	271.6	5.09917
13	215	28	283.63	5.27902
13	215	29	280.795	5.28753
13	215	30	285.357	5.37044
13	215	31	289.119	5.41443
13	215	32	294.247	6.02529
13	215	33	303.849	6.2727
13	215	34	299.478	6.22038
13	215	35	278.268	5.24975
13	216	0	317.195	5.29265
13	216	1	299.725	4.95708
13	216	2	303.984	4.90312
13	216	3	305.464	5.04972
13	216	4	302.511	4.91714
13	216	5	300.176	4.78964
13	216	6	307.938	5.04861
13	216	7	291.951	4.69634
13	216	8	296.44	4.81475
13	216	9	317.734	5.1581
13	216	10	297.063	4.5851
13	216	11	302.933	5.05913
13	216	12	323.966	5.44199
13	216	13	309.191	5.00327
13	216	14	305.744	4.98012
13	216	15	296.111	4.73674
13	216	16	298.473	4.87733
13	216	17	312.153	5.11154
13	216	18	309.049	5.35258
13	216	19	313.323	5.27165
13	216	20	309.174	5.17291
13	216	21	322.897	5.29618
13	216	22	296.739	4.48677
13	216	23	315.553	5.34201
13	216	24	308.446	5.62922
13	216	25	312.418	5.47782
13	216	26	312.914	5.1261
13	216	27	307.086	5.17457
13	216	28	311.543	4.83293
13	216	29	307.125	4.26514
13	216	30	317.963	5.97349
13	216	31	312.6	5.64769
13	216	32	310.485	5.48742
13	216	33	318.59	5.26923
13	216	34	309.152	5.03258
13	216	35	304.417	4.73376
14	217	0	287.06	1.96502
14	217	1	279.322	1.92127
14	217	2	283.594	1.93702
14	217	3	284.915	1.95333
14	217	4	281.337	1.93123
14	217	5	277.356	1.89289
14	217	6	293.133	2.00285
14	217	7	286.811	1.95521
14	217	8	285.975	1.94631
14	217	9	294.374	2.00949
14	217	10	292.641	1.99827
14	217	11	297.454	2.02393
14	217	12	289.149	1.97268
14	217	13	291.581	1.98571
14	217	14	283.016	1.91992
14	217	15	284.25	1.93851
14	217	16	283.351	1.92432
14	217	17	288.478	1.96643
14	217	18	279.972	1.91214
14	217	19	281.925	1.9266
14	217	20	285.274	1.96208
14	217	21	282.343	1.93707
14	217	22	296.64	2.04459
14	217	23	376.238	10.7542
14	217	24	273.057	1.86234
14	217	25	292.869	2.00911
14	217	26	288.46	1.99661
14	217	27	289.595	2.02315
14	217	28	287.917	2.08168
14	217	29	292.895	2.17005
14	217	30	308.698	2.32088
14	217	31	303.974	2.35926
14	217	32	308.673	2.50087
14	217	33	310.06	2.62147
14	217	34	314.854	2.75576
14	217	35	327.279	2.86189
14	218	0	246.312	4.07841
14	218	1	250.807	4.35239
14	218	2	263.067	4.79814
14	218	3	256.375	4.42203
14	218	4	264.236	4.49354
14	218	5	266.763	6.17823
14	218	6	271.045	4.54001
14	218	7	239.68	4.00921
14	218	8	264.092	4.5608
14	218	9	254.089	4.38398
14	218	10	267.36	4.67215
14	218	11	263.564	6.04675
14	218	12	267.316	6.1225
14	218	13	257.224	4.29496
14	218	14	249.315	4.16439
14	218	15	245.576	4.14239
14	218	16	248.546	4.06166
14	218	17	252.771	4.20183
14	218	18	258.643	5.98454
14	218	19	256.208	5.78833
14	218	20	254.825	5.78497
14	218	21	270.089	6.0723
14	218	22	252.848	5.74198
14	218	23	260.01	5.57341
14	218	24	257.316	5.72754
14	218	25	241.597	5.28313
14	218	26	265.962	5.71434
14	218	27	257.824	5.72101
14	218	28	264.567	5.89957
14	218	29	258.352	5.67846
14	218	30	259.615	5.6925
14	218	31	256.092	5.6002
14	218	32	253.398	5.42953
14	218	33	259.502	5.63616
14	218	34	256.94	5.57422
14	218	35	264.715	5.97795
14	219	0	281.768	5.71118
14	219	1	289.39	5.83819
14	219	2	299.205	6.92475
14	219	3	287.606	3.75995
14	219	4	288.998	3.91118
14	219	5	286.503	3.8476
14	219	6	283.235	5.68546
14	219	7	291.627	7.20901
14	219	8	284.83	5.92945
14	219	9	280.233	3.68668
14	219	10	280.472	3.7726
14	219	11	290.296	3.83591
14	219	12	291.771	6.47883
14	219	13	270.407	5.06748
14	219	14	295.884	6.31224
14	219	15	283.016	3.68726
14	219	16	287.633	3.83674
14	219	17	291.196	3.88271
14	219	18	280.676	6.07205
14	219	19	277.657	5.6513
14	219	20	294.256	5.96379
14	219	21	285.164	6.21948
14	219	22	273.384	3.63243
14	219	23	277.626	3.69034
14	219	24	280.182	6.08853
14	219	25	301.693	7.08344
14	219	26	290.337	5.9956
14	219	27	289.892	6.12856
14	219	28	297.752	6.41538
14	219	29	283.02	3.74394
14	219	30	291.084	7.72174
14	219	31	273.942	5.25019
14	219	32	273.875	5.69281
14	219	33	284.998	5.97211
14	219	34	292.255	3.84336
14	219	35	285.953	6.37645
14	220	0	270.168	4.53022
14	220	1	269.274	4.21091
14	220	2	260.016	4.0717
14	220	3	264.527	4.2134
14	220	4	278.519	4.46813
14	220	5	288.033	5.406
14	220	6	263.979	4.53086
14	220	7	275.119	4.41735
14	220	8	276.693	4.47089
14	220	9	278.919	4.55825
14	220	10	284.164	4.55219
14	220	11	275.447	4.57395
14	220	12	269.303	4.77681
14	220	13	266.735	4.68704
14	220	14	280.337	4.419
14	220	15	279.774	4.64944
14	220	16	267.663	4.04139
14	220	17	277.205	4.36894
14	220	18	270.244	4.78984
14	220	19	275.424	4.45037
14	220	20	284.695	5.13012
14	220	21	271.201	4.19344
14	220	22	280.469	4.74491
14	220	23	275.256	4.52422
14	220	24	272.419	4.19427
14	220	25	268.95	4.82964
14	220	26	266.264	4.22466
14	220	27	279.706	4.6003
14	220	28	268.074	4.37909
14	220	29	271.891	4.54975
14	220	30	275.194	4.49813
14	220	31	251.879	4.09815
14	220	32	284.981	4.57321
14	220	33	266.713	4.21615
14	220	34	276.92	4.45058
14	220	35	295.133	5.14374
14	221	0	297.026	5.12173
14	221	1	309.661	5.15169
14	221	2	299.648	4.60062
14	221	3	291.946	4.66979
14	221	4	310.927	5.38236
14	221	5	294.921	4.79532
14	221	6	299.264	4.89939
14	221	7	298.425	4.7829
14	221	8	287.558	4.75546
14	221	9	289.27	4.6573
14	221	10	300.533	4.91583
14	221	11	317.093	5.62075
14	221	12	296.13	4.6708
14	221	13	279.174	4.59925
14	221	14	305.533	4.99114
14	221	15	305.271	5.01868
14	221	16	299.857	5.05388
14	221	17	310.163	4.87764
14	221	18	304.798	4.83636
14	221	19	291.148	4.95367
14	221	20	300.595	4.66952
14	221	21	292.914	4.83771
14	221	22	293.274	4.74865
14	221	23	308.239	5.00877
14	221	24	306.111	5.8241
14	221	25	280.996	4.6664
14	221	26	293.895	4.46121
14	221	27	290.032	4.95391
14	221	28	295.401	4.93769
14	221	29	311.722	5.18105
14	221	30	290.388	4.56507
14	221	31	290.279	4.49454
14	221	32	301.422	5.02327
14	221	33	293.695	4.26586
14	221	34	307.272	5.15314
14	221	35	282.858	4.43676
14	222	0	277.221	4.40371
14	222	1	302.228	5.41247
14	222	2	269.957	4.19894
14	222	3	280.121	4.41375
14	222	4	290.157	4.85837
14	222	5	286.383	4.64786
14	222	6	276.898	4.30878
14	222	7	286.336	4.21734
14	222	8	283.044	4.4096
14	222	9	285.049	4.47862
14	222	10	275.324	4.15252
14	222	11	271.247	4.09818
14	222	12	289.474	4.526
14	222	13	274.93	4.50762
14	222	14	289.187	4.49939
14	222	15	276.041	4.29394
14	222	16	280.776	4.32334
14	222	17	280.395	5.78521
14	222	18	284.193	4.92596
14	222	19	280.488	4.55774
14	222	20	279.969	4.47582
14	222	21	289.558	4.57377
14	222	22	281.647	4.75287
14	222	23	293.016	4.97577
14	222	24	299.335	4.63802
14	222	25	303.693	4.88979
14	222	26	285.943	4.34229
14	222	27	291.865	5.14383
14	222	28	288.512	4.63257
14	222	29	275.571	4.17178
14	222	30	286.439	4.53511
14	222	31	290.965	5.13777
14	222	32	278.348	4.31717
14	222	33	285.232	4.78624
14	222	34	287.372	4.73877
14	222	35	291.446	4.45097
14	223	0	244.263	4.0814
14	223	1	248.498	4.79384
14	223	2	249.24	4.22776
14	223	3	240.107	4.37624
14	223	4	237.46	3.96988
14	223	5	250.923	4.60743
14	223	6	231.365	3.98204
14	223	7	256.15	4.68069
14	223	8	236.076	4.20454
14	223	9	249.616	4.74154
14	223	10	253.444	4.1069
14	223	11	244.353	4.13574
14	223	12	240.72	4.16276
14	223	13	256.701	4.34205
14	223	14	252.838	4.57554
14	223	15	245.395	4.10603
14	223	16	255.651	4.49123
14	223	17	255.676	4.76949
14	223	18	243.596	4.01076
14	223	19	249.241	4.59387
14	223	20	243.461	4.22144
14	223	21	247.476	4.7664
14	223	22	238.342	4.34339
14	223	23	252.143	4.07359
14	223	24	245.374	3.84841
14	223	25	238.42	4.12669
14	223	26	250.321	4.43289
14	223	27	252.464	4.26102
14	223	28	238.238	4.08224
14	223	29	237.988	4.04785
14	223	30	239.706	3.98855
14	223	31	229.718	3.69249
14	223	32	242.023	4.12631
14	223	33	247.097	4.26708
14	223	34	229.941	3.64045
14	223	35	233.897	4.01178
14	224	0	298.187	6.71388
14	224	1	279.339	6.37889
14	224	2	287.471	6.45972
14	224	3	294.955	6.48061
14	224	4	274.899	5.97981
14	224	5	286.108	6.31074
14	224	6	287.422	4.19036
14	224	7	278.714	5.89496
14	224	8	287.594	6.47697
14	224	9	281.336	6.01178
14	224	10	284.532	6.45199
14	224	11	298.081	6.45889
14	224	12	293.662	6.89911
14	224	13	303.841	7.98962
14	224	14	285.243	6.23931
14	224	15	287.473	6.38927
14	224	16	278.513	5.8361
14	224	17	294.629	6.10774
14	224	18	285.329	6.56356
14	224	19	294.168	6.65382
14	224	20	298.333	6.71422
14	224	21	285.5	6.29113
14	224	22	309.568	8.03594
14	224	23	291.477	6.14266
14	224	24	300.812	6.99545
14	224	25	294.935	7.35334
14	224	26	294.413	6.94095
14	224	27	294.72	6.68735
14	224	28	280.881	6.26582
14	224	29	295.474	6.14919
14	224	30	286.741	6.53211
14	224	31	286.551	6.29812
14	224	32	293.121	6.44849
14	224	33	279.525	5.73389
14	224	34	288.276	6.37535
14	224	35	279.532	6.09716
14	225	0	290.01	6.15311
14	225	1	284.012	6.24656
14	225	2	302.361	6.48947
14	225	3	298.452	6.32234
14	225	4	300.033	6.15176
14	225	5	291.246	5.97098
14	225	6	317.512	7.11299
14	225	7	300.736	6.49292
14	225	8	293.016	6.64932
14	225	9	287.445	5.76296
14	225	10	295.874	5.98084
14	225	11	290.465	5.70174
14	225	12	300.837	6.61839
14	225	13	306.638	6.83624
14	225	14	307.298	6.68035
14	225	15	279.351	5.41036
14	225	16	312.201	6.89241
14	225	17	302.406	6.2792
14	225	18	309.457	6.68219
14	225	19	307.563	6.84601
14	225	20	301.747	6.75368
14	225	21	303.906	6.82158
14	225	22	293.538	6.08318
14	225	23	284.137	5.87051
14	225	24	313.263	7.08249
14	225	25	295.875	6.46848
14	225	26	286.451	5.96397
14	225	27	291.333	6.00598
14	225	28	288.762	5.94125
14	225	29	307.111	6.24067
14	225	30	304.852	6.73775
14	225	31	311.738	6.80365
14	225	32	290.939	6.02525
14	225	33	311.41	7.22035
14	225	34	281.686	5.77192
14	225	35	285.427	6.20311
14	226	0	288.18	5.52205
14	226	1	262.209	4.81071
14	226	2	279.38	5.07
14	226	3	280.101	5.09421
14	226	4	272.419	4.59856
14	226	5	282.965	5.31932
14	226	6	271.472	4.85133
14	226	7	259.767	4.5898
14	226	8	265.119	4.79162
14	226	9	268.446	4.83063
14	226	10	273.234	5.17631
14	226	11	264.888	4.52195
14	226	12	290.65	5.4343
14	226	13	274.703	5.14389
14	226	14	276.544	5.27549
14	226	15	273.604	4.99015
14	226	16	276.755	5.04581
14	226	17	268.987	4.65335
14	226	18	286.773	5.25809
14	226	19	278.374	5.26606
14	226	20	271.901	5.08548
14	226	21	279.786	4.96369
14	226	22	267.25	4.57822
14	226	23	278.45	4.75632
14	226	24	291.469	5.05733
14	226	25	281.946	5.37856
14	226	26	272.393	4.80657
14	226	27	285.957	4.96241
14	226	28	272.766	4.9771
14	226	29	263.71	4.59202
14	226	30	270.99	4.68479
14	226	31	276.389	4.76298
14	226	32	286.999	5.12977
14	226	33	273.737	4.90736
14	226	34	278.124	5.15351
14	226	35	275.902	4.82511
14	227	0	286.754	4.88586
14	227	1	293.161	4.9428
14	227	2	298.547	5.0636
14	227	3	294.543	4.97311
14	227	4	294.254	5.00763
14	227	5	290.558	4.90471
14	227	6	312.859	4.88251
14	227	7	295.263	5.00283
14	227	8	292.161	4.92281
14	227	9	294.54	4.95185
14	227	10	297.583	5.08322
14	227	11	301.872	5.07428
14	227	12	294.102	4.94147
14	227	13	297.515	5.00176
14	227	14	300.189	5.06696
14	227	15	294.441	4.97935
14	227	16	299.996	5.05836
14	227	17	296.932	5.08017
14	227	18	299.529	5.10119
14	227	19	296.017	4.97773
14	227	20	284.286	4.79966
14	227	21	297.758	5.04149
14	227	22	299.178	5.07227
14	227	23	293.18	4.95242
14	227	24	297.6	5.04722
14	227	25	292.435	4.94246
14	227	26	305.388	5.18195
14	227	27	285.076	4.81245
14	227	28	298.513	5.04445
14	227	29	309.372	5.24252
14	227	30	285.253	4.82129
14	227	31	307.474	5.18739
14	227	32	301.986	5.11422
14	227	33	308.47	5.27209
14	227	34	292.349	4.99113
14	227	35	288.019	4.87444
14	228	0	289.837	4.83562
14	228	1	285.691	4.90335
14	228	2	274.923	4.52266
14	228	3	280.773	4.80451
14	228	4	281.455	4.93335
14	228	5	274.519	4.58824
14	228	6	281.962	4.90279
14	228	7	278.682	4.72811
14	228	8	288.068	4.82006
14	228	9	282.45	4.76364
14	228	10	280.14	4.63599
14	228	11	284.159	4.87231
14	228	12	277.225	4.57861
14	228	13	272.143	4.58675
14	228	14	292.096	4.86211
14	228	15	286.53	4.98862
14	228	16	297.152	5.25697
14	228	17	289.581	4.94133
14	228	18	282.617	4.94164
14	228	19	291.137	5.08542
14	228	20	294.386	5.66192
14	228	21	290.522	5.15718
14	228	22	295.156	5.32995
14	228	23	300.889	5.20426
14	228	24	297.06	5.75325
14	228	25	282.81	5.08176
14	228	26	303.808	5.746
14	228	27	306.47	5.68071
14	228	28	293.282	5.33994
14	228	29	293.807	5.47464
14	228	30	297.769	5.37792
14	228	31	273.12	4.5576
14	228	32	277.63	5.50066
14	228	33	302.977	6.08415
14	228	34	296.715	5.78817
14	228	35	294.983	5.90622
14	229	0	283.214	4.98758
14	229	1	288.447	5.45833
14	229	2	274.179	4.98006
14	229	3	273.942	4.93685
14	229	4	282.688	5.01931
14	229	5	263.856	4.78758
14	229	6	273.033	5.08876
14	229	7	272.378	5.0809
14	229	8	285.245	4.93436
14	229	9	285.507	5.21915
14	229	10	288.232	5.14613
14	229	11	261.806	4.3976
14	229	12	276.526	4.87602
14	229	13	280.43	4.99933
14	229	14	289.212	5.18872
14	229	15	281.843	5.29854
14	229	16	268.628	4.80483
14	229	17	277.012	4.99559
14	229	18	280.11	4.71065
14	229	19	277.536	4.91825
14	229	20	274.018	5.22369
14	229	21	288.053	4.96846
14	229	22	272.534	4.6868
14	229	23	297.366	5.4575
14	229	24	287.008	5.01384
14	229	25	273.034	4.65457
14	229	26	273.885	4.60553
14	229	27	268.787	4.75063
14	229	28	277.824	4.83584
14	229	29	287.823	5.10804
14	229	30	271.967	4.65314
14	229	31	277.185	4.71628
14	229	32	272.931	4.46845
14	229	33	274.171	4.63027
14	229	34	276.43	4.74301
14	229	35	284.318	4.78537
14	230	0	296.226	5.78962
14	230	1	289.252	5.91852
14	230	2	290.642	6.01173
14	230	3	287.573	5.6238
14	230	4	298.71	6.26425
14	230	5	291.499	5.92883
14	230	6	281.927	5.67274
14	230	7	288.461	6.3958
14	230	8	281.864	5.48783
14	230	9	290.016	6.08273
14	230	10	274.658	5.78387
14	230	11	293.337	6.25425
14	230	12	291.307	6.20911
14	230	13	285.704	5.86323
14	230	14	287.729	5.64892
14	230	15	283.801	6.32825
14	230	16	276.873	6.07557
14	230	17	298.026	7.44294
14	230	18	288.248	6.03652
14	230	19	286.189	5.7985
14	230	20	286.833	5.2576
14	230	21	284.023	5.6881
14	230	22	299.524	5.95537
14	230	23	289.91	6.06131
14	230	24	284.796	5.53914
14	230	25	288.993	5.59299
14	230	26	288.297	5.63095
14	230	27	302.29	6.63169
14	230	28	296.8	5.63859
14	230	29	305.344	6.99928
14	230	30	289.964	5.90327
14	230	31	287.914	6.2395
14	230	32	285.417	5.67857
14	230	33	277.746	5.73506
14	230	34	289.257	5.61836
14	230	35	298.139	6.66478
14	231	0	271.093	4.62351
14	231	1	269.878	4.55041
14	231	2	264.821	4.52723
14	231	3	273.252	4.64987
14	231	4	273.649	4.64887
14	231	5	280.832	4.73699
14	231	6	259.93	4.39616
14	231	7	270.78	4.55301
14	231	8	268.196	4.57538
14	231	9	261.291	4.45701
14	231	10	274.648	4.70144
14	231	11	272.083	4.69446
14	231	12	277.028	4.76005
14	231	13	265.714	4.59807
14	231	14	269.703	4.68132
14	231	15	266.566	4.5774
14	231	16	260.505	4.4379
14	231	17	267.526	4.59846
14	231	18	278.085	4.76834
14	231	19	277.482	4.8058
14	231	20	282.956	4.89417
14	231	21	265.69	4.66305
14	231	22	282.407	4.95445
14	231	23	278.449	4.84247
14	231	24	279.598	4.86463
14	231	25	277.016	4.96404
14	231	26	279.431	4.97383
14	231	27	281.91	5.04393
14	231	28	282.271	5.2403
14	231	29	286.682	5.09114
14	231	30	280.429	5.19537
14	231	31	276.609	5.09452
14	231	32	282.596	5.31588
14	231	33	285.276	5.519
14	231	34	286.088	5.45614
14	231	35	284.53	5.25581
14	232	0	284.4	5.99001
14	232	1	284.335	5.40089
14	232	2	289.049	6.32174
14	232	3	272.736	5.86568
14	232	4	269.822	5.57475
14	232	5	291.3	5.77272
14	232	6	291.569	6.02098
14	232	7	287.336	5.88663
14	232	8	305.249	6.45975
14	232	9	268.018	5.12261
14	232	10	290.889	5.98698
14	232	11	277.313	5.33428
14	232	12	270.573	5.42972
14	232	13	290.51	6.01474
14	232	14	290.696	6.40142
14	232	15	303.116	6.29111
14	232	16	281.119	5.59067
14	232	17	294.141	6.26623
14	232	18	307.026	6.74635
14	232	19	290.401	5.92015
14	232	20	294.943	5.98174
14	232	21	273.182	5.5503
14	232	22	280.282	5.61646
14	232	23	288.078	6.0137
14	232	24	296.592	6.52215
14	232	25	289.831	6.30041
14	232	26	286.53	5.68774
14	232	27	292.3	6.16505
14	232	28	268.652	5.50061
14	232	29	283.116	5.5083
14	232	30	299.194	7.27184
14	232	31	278.748	6.32042
14	232	32	266.935	5.67131
14	232	33	300.829	6.2583
14	232	34	282.611	5.44598
14	232	35	294.229	5.77404
3	233	0	258.166	4.04121
3	233	1	251.454	3.87484
3	233	2	252.262	4.14076
3	233	3	267.351	4.39487
3	233	4	257.409	4.01841
3	233	5	249.869	3.75304
3	233	6	262.601	4.4426
3	233	7	253.043	3.80066
3	233	8	247.117	3.69519
3	233	9	251.188	3.93641
3	233	10	252.737	3.92155
3	233	11	240.285	3.61498
3	233	12	255.743	3.88093
3	233	13	256.423	4.06279
3	233	14	264.214	4.0548
3	233	15	268.298	4.1576
3	233	16	251.393	3.76141
3	233	17	254.247	4.01757
3	233	18	260.167	4.08435
3	233	19	252.29	3.80622
3	233	20	258.398	4.02095
3	233	21	250.847	3.85931
3	233	22	249.505	3.71077
3	233	23	232.968	3.57502
3	233	24	242.182	3.68129
3	233	25	266.003	4.33244
3	233	26	244.03	3.77946
3	233	27	256.975	4.21044
3	233	28	245.544	3.73141
3	233	29	260.351	4.06283
3	233	30	241.511	3.58801
3	233	31	246.053	3.73943
3	233	32	259.767	4.53147
3	233	33	256.844	3.92469
3	233	34	246.572	3.99878
3	233	35	244.505	3.80665
3	234	0	270.879	4.35308
3	234	1	276.035	4.65241
3	234	2	285.787	4.81164
3	234	3	281.508	4.79435
3	234	4	267.593	4.53916
3	234	5	276.037	4.54671
3	234	6	278.444	4.48409
3	234	7	263.834	4.32449
3	234	8	288.025	5.06427
3	234	9	280.613	4.8732
3	234	10	280.99	4.66737
3	234	11	273.31	4.52453
3	234	12	275.223	4.55068
3	234	13	286.536	4.83597
3	234	14	277.755	4.80925
3	234	15	291.576	4.85739
3	234	16	280.382	4.66441
3	234	17	288.18	5.04919
3	234	18	283.674	4.79877
3	234	19	277.466	4.37353
3	234	20	278.151	4.58158
3	234	21	285.567	4.77699
3	234	22	284.129	4.47087
3	234	23	284.54	4.82746
3	234	24	276.712	4.35108
3	234	25	277.4	4.30162
3	234	26	284.743	4.64386
3	234	27	277.012	4.51713
3	234	28	274.564	4.48078
3	234	29	283.393	4.58069
3	234	30	268.385	4.34856
3	234	31	275.641	4.49241
3	234	32	274.974	4.66192
3	234	33	287.849	4.60034
3	234	34	277.721	4.5557
3	234	35	282.993	4.77062
3	235	0	212.459	4.39054
3	235	1	211.866	4.42907
3	235	2	219.538	4.61661
3	235	3	215.73	4.27451
3	235	4	212.836	4.61734
3	235	5	210.194	4.18878
3	235	6	219.044	4.28623
3	235	7	220.881	4.73523
3	235	8	226.085	4.8941
3	235	9	226.511	4.56624
3	235	10	215.679	4.25273
3	235	11	212.138	4.05109
3	235	12	218.003	4.69844
3	235	13	220.159	4.36091
3	235	14	214.163	4.47087
3	235	15	222.628	4.63611
3	235	16	215.713	4.46694
3	235	17	223.941	4.87738
3	235	18	215.065	4.33867
3	235	19	222.296	4.57297
3	235	20	227.906	4.54958
3	235	21	211.435	4.47988
3	235	22	228.68	4.49137
3	235	23	212.473	4.27039
3	235	24	202.831	4.11359
3	235	25	211.409	4.26865
3	235	26	222.459	4.67648
3	235	27	227.948	4.65466
3	235	28	230.386	4.99572
3	235	29	212.268	4.37633
3	235	30	222.813	4.37183
3	235	31	203.982	4.22341
3	235	32	217.702	4.29926
3	235	33	218.457	4.39525
3	235	34	224.235	4.46248
3	235	35	226.32	4.44733
3	236	0	246.394	4.90595
3	236	1	252.219	4.94204
3	236	2	261.714	5.84013
3	236	3	244.258	4.84221
3	236	4	246.3	5.10822
3	236	5	254.627	5.12783
3	236	6	259.962	5.08423
3	236	7	245.609	5.10687
3	236	8	252.588	4.89493
3	236	9	250.024	5.03117
3	236	10	244.746	5.03083
3	236	11	249.532	4.73204
3	236	12	250.152	4.90096
3	236	13	253.504	5.05234
3	236	14	255.986	4.79339
3	236	15	254.657	5.18142
3	236	16	255.203	5.08698
3	236	17	255.365	4.93471
3	236	18	243.678	4.64914
3	236	19	265.885	5.11295
3	236	20	275.103	5.5463
3	236	21	261.902	5.02779
3	236	22	262.011	4.96289
3	236	23	258.14	4.86845
3	236	24	257.114	4.91825
3	236	25	257.352	5.23418
3	236	26	267.355	5.30843
3	236	27	243.772	4.61721
3	236	28	246.308	4.92247
3	236	29	254.851	5.02937
3	236	30	255.545	5.12013
3	236	31	264.306	5.06376
3	236	32	258.645	4.90228
3	236	33	249.881	4.92582
3	236	34	260.949	5.61778
3	236	35	248.468	3.35055
